lat	lon	title	description	icon	iconSize	iconOffset
37.5187402	139.9417372	Node	305898548	takasi.png	24,24	0,0
37.5184831	139.9416361	Node	272630212	takasi.png	24,24	0,0
37.5217129	139.9340645	Node	272631177	takasi.png	24,24	0,0
37.5217099	139.9341195	Node	1999740382	takasi.png	24,24	0,0
37.5216432	139.9353123	Node	1921430138	takasi.png	24,24	0,0
37.5215995	139.9360419	Node	1921430132	takasi.png	24,24	0,0
37.5215997	139.9360590	Node	1921430133	takasi.png	24,24	0,0
37.5187493	139.9319072	Node	263070416	takasi.png	24,24	0,0
37.5194680	139.9319195	Node	263070413	takasi.png	24,24	0,0
37.5206228	139.9319390	Node	263070411	takasi.png	24,24	0,0
37.5223976	139.9319613	Node	263070408	takasi.png	24,24	0,0
37.5241467	139.9319833	Node	263070405	takasi.png	24,24	0,0
37.5257125	139.9320086	Node	2389222397	takasi.png	24,24	0,0
37.5201354	139.9311825	Node	263072037	takasi.png	24,24	0,0
37.5197935	139.9313713	Node	263072034	takasi.png	24,24	0,0
37.5196010	139.9314600	Node	263072021	takasi.png	24,24	0,0
37.5195140	139.9315140	Node	263072018	takasi.png	24,24	0,0
37.5193940	139.9315740	Node	263072026	takasi.png	24,24	0,0
37.5184925	139.9317907	Node	263072024	takasi.png	24,24	0,0
37.5242246	139.9403454	Node	944844770	takasi.png	24,24	0,0
37.5242188	139.9404189	Node	1999740393	takasi.png	24,24	0,0
37.5241251	139.9416005	Node	1921430229	takasi.png	24,24	0,0
37.5241282	139.9418112	Node	2358258687	takasi.png	24,24	0,0
37.5241303	139.9419521	Node	1921430230	takasi.png	24,24	0,0
37.5241183	139.9421197	Node	2358120270	takasi.png	24,24	0,0
37.5241158	139.9423647	Node	1921430227	takasi.png	24,24	0,0
37.5241160	139.9425079	Node	1979215162	takasi.png	24,24	0,0
37.5240930	139.9426547	Node	1921430226	takasi.png	24,24	0,0
37.5239824	139.9432001	Node	944844781	takasi.png	24,24	0,0
37.5242460	139.9400261	Node	944844774	takasi.png	24,24	0,0
37.5242291	139.9402708	Node	1999740395	takasi.png	24,24	0,0
37.5242246	139.9403454	Node	944844770	takasi.png	24,24	0,0
37.5267038	139.9337585	Node	300322990	takasi.png	24,24	0,0
37.5266026	139.9333519	Node	300322996	takasi.png	24,24	0,0
37.5264622	139.9327590	Node	300323002	takasi.png	24,24	0,0
37.5263479	139.9323062	Node	1242602282	takasi.png	24,24	0,0
37.5267038	139.9337585	Node	300322990	takasi.png	24,24	0,0
37.5263479	139.9323062	Node	1242602282	takasi.png	24,24	0,0
37.5262414	139.9317941	Node	300323009	takasi.png	24,24	0,0
37.5262914	139.9315461	Node	2389222417	takasi.png	24,24	0,0
37.5264493	139.9322809	Node	587601928	takasi.png	24,24	0,0
37.5264493	139.9322809	Node	587601928	takasi.png	24,24	0,0
37.5265169	139.9326045	Node	2389222432	takasi.png	24,24	0,0
37.5265985	139.9329527	Node	263997875	takasi.png	24,24	0,0
37.5186767	139.9374571	Node	1272496244	takasi.png	24,24	0,0
37.5189480	139.9374478	Node	1979215115	takasi.png	24,24	0,0
37.5192792	139.9374344	Node	1979215124	takasi.png	24,24	0,0
37.5196188	139.9374381	Node	1272496230	takasi.png	24,24	0,0
37.5199964	139.9374553	Node	1272496100	takasi.png	24,24	0,0
37.5203220	139.9374706	Node	1979215140	takasi.png	24,24	0,0
37.5210392	139.9374761	Node	1272496039	takasi.png	24,24	0,0
37.5214800	139.9374934	Node	1999740359	takasi.png	24,24	0,0
37.5215248	139.9374990	Node	944844729	takasi.png	24,24	0,0
37.5199778	139.9389740	Node	1272496229	takasi.png	24,24	0,0
37.5199832	139.9384130	Node	1923503364	takasi.png	24,24	0,0
37.5199904	139.9379680	Node	1923503366	takasi.png	24,24	0,0
37.5199964	139.9374553	Node	1272496100	takasi.png	24,24	0,0
37.5196438	139.9359303	Node	1272496028	takasi.png	24,24	0,0
37.5196320	139.9365014	Node	1979215127	takasi.png	24,24	0,0
37.5196313	139.9369948	Node	1979215126	takasi.png	24,24	0,0
37.5196188	139.9374381	Node	1272496230	takasi.png	24,24	0,0
37.5241633	139.9371543	Node	1912565664	takasi.png	24,24	0,0
37.5238571	139.9371027	Node	1912565656	takasi.png	24,24	0,0
37.5231039	139.9369893	Node	1912565650	takasi.png	24,24	0,0
37.5239237	139.9361010	Node	1912565662	takasi.png	24,24	0,0
37.5239237	139.9362694	Node	1912565660	takasi.png	24,24	0,0
37.5238716	139.9369861	Node	1912565658	takasi.png	24,24	0,0
37.5238571	139.9371027	Node	1912565656	takasi.png	24,24	0,0
37.5247115	139.9371063	Node	1912565666	takasi.png	24,24	0,0
37.5248325	139.9359738	Node	1912565680	takasi.png	24,24	0,0
37.5245459	139.9359167	Node	1912565665	takasi.png	24,24	0,0
37.5239237	139.9362694	Node	1912565660	takasi.png	24,24	0,0
37.5237683	139.9363596	Node	1912565654	takasi.png	24,24	0,0
37.5237208	139.9369614	Node	1912565653	takasi.png	24,24	0,0
37.5238716	139.9369861	Node	1912565658	takasi.png	24,24	0,0
37.5218478	139.9376242	Node	944844734	takasi.png	24,24	0,0
37.5216441	139.9376020	Node	944844735	takasi.png	24,24	0,0
37.5215588	139.9392340	Node	944844751	takasi.png	24,24	0,0
37.5217524	139.9392510	Node	944844752	takasi.png	24,24	0,0
37.5218478	139.9376242	Node	944844734	takasi.png	24,24	0,0
37.5248794	139.9371796	Node	1912565682	takasi.png	24,24	0,0
37.5248497	139.9371729	Node	1983927738	takasi.png	24,24	0,0
37.5247115	139.9371063	Node	1912565666	takasi.png	24,24	0,0
37.5238716	139.9369861	Node	1912565658	takasi.png	24,24	0,0
37.5247666	139.9372121	Node	944844759	takasi.png	24,24	0,0
37.5236971	139.9370739	Node	944844744	takasi.png	24,24	0,0
37.5237542	139.9363403	Node	944844745	takasi.png	24,24	0,0
37.5245473	139.9358832	Node	944844760	takasi.png	24,24	0,0
37.5248885	139.9359089	Node	944844761	takasi.png	24,24	0,0
37.5247666	139.9372121	Node	944844759	takasi.png	24,24	0,0
37.5219451	139.9375641	Node	944844730	takasi.png	24,24	0,0
37.5219955	139.9375705	Node	1998389054	takasi.png	24,24	0,0
37.5225406	139.9376316	Node	1912565645	takasi.png	24,24	0,0
37.5236883	139.9377634	Node	1295726099	takasi.png	24,24	0,0
37.5236286	139.9383784	Node	1295726101	takasi.png	24,24	0,0
37.5247324	139.9385236	Node	1998389068	takasi.png	24,24	0,0
37.5247611	139.9385323	Node	1295726100	takasi.png	24,24	0,0
37.5250708	139.9360817	Node	1919716752	takasi.png	24,24	0,0
37.5250694	139.9361252	Node	1919716751	takasi.png	24,24	0,0
37.5250360	139.9361234	Node	1919716749	takasi.png	24,24	0,0
37.5250374	139.9360800	Node	1919716750	takasi.png	24,24	0,0
37.5250708	139.9360817	Node	1919716752	takasi.png	24,24	0,0
37.5261059	139.9367906	Node	1919716807	takasi.png	24,24	0,0
37.5258520	139.9396442	Node	1919716792	takasi.png	24,24	0,0
37.5248869	139.9394958	Node	1919716741	takasi.png	24,24	0,0
37.5249634	139.9386053	Node	1919716746	takasi.png	24,24	0,0
37.5248219	139.9385886	Node	1919716738	takasi.png	24,24	0,0
37.5249955	139.9366230	Node	1919716748	takasi.png	24,24	0,0
37.5261059	139.9367906	Node	1919716807	takasi.png	24,24	0,0
37.5256759	139.9354300	Node	1919716783	takasi.png	24,24	0,0
37.5256224	139.9353906	Node	1919716780	takasi.png	24,24	0,0
37.5255641	139.9353608	Node	1919716778	takasi.png	24,24	0,0
37.5255368	139.9353528	Node	1920124221	takasi.png	24,24	0,0
37.5255017	139.9353501	Node	1919716776	takasi.png	24,24	0,0
37.5254706	139.9353566	Node	1920124212	takasi.png	24,24	0,0
37.5254318	139.9353724	Node	1919716774	takasi.png	24,24	0,0
37.5253963	139.9353980	Node	1920124194	takasi.png	24,24	0,0
37.5253711	139.9354191	Node	1919716770	takasi.png	24,24	0,0
37.5253183	139.9354687	Node	1919716763	takasi.png	24,24	0,0
37.5252727	139.9355186	Node	1919716756	takasi.png	24,24	0,0
37.5252503	139.9355740	Node	1919716754	takasi.png	24,24	0,0
37.5252999	139.9355720	Node	1920124169	takasi.png	24,24	0,0
37.5253197	139.9355402	Node	1920124174	takasi.png	24,24	0,0
37.5253542	139.9355218	Node	1920124183	takasi.png	24,24	0,0
37.5253880	139.9355250	Node	1920124190	takasi.png	24,24	0,0
37.5254175	139.9355402	Node	1920124202	takasi.png	24,24	0,0
37.5254406	139.9355590	Node	1920124205	takasi.png	24,24	0,0
37.5254583	139.9355934	Node	1919716753	takasi.png	24,24	0,0
37.5254491	139.9356378	Node	1920124208	takasi.png	24,24	0,0
37.5254166	139.9356534	Node	1920124201	takasi.png	24,24	0,0
37.5253797	139.9356537	Node	1920124186	takasi.png	24,24	0,0
37.5253536	139.9356338	Node	1920124182	takasi.png	24,24	0,0
37.5253048	139.9355839	Node	1920124172	takasi.png	24,24	0,0
37.5252513	139.9355862	Node	1919716755	takasi.png	24,24	0,0
37.5252570	139.9356679	Node	1983927744	takasi.png	24,24	0,0
37.5252733	139.9357521	Node	1919716757	takasi.png	24,24	0,0
37.5252955	139.9357880	Node	1919716758	takasi.png	24,24	0,0
37.5253331	139.9358285	Node	1919716765	takasi.png	24,24	0,0
37.5253553	139.9358516	Node	1919716766	takasi.png	24,24	0,0
37.5253704	139.9358744	Node	1919716769	takasi.png	24,24	0,0
37.5253773	139.9359028	Node	1919716772	takasi.png	24,24	0,0
37.5253764	139.9359317	Node	1919716771	takasi.png	24,24	0,0
37.5253573	139.9360010	Node	1919716768	takasi.png	24,24	0,0
37.5253181	139.9360999	Node	1919716762	takasi.png	24,24	0,0
37.5253017	139.9361499	Node	1920124170	takasi.png	24,24	0,0
37.5252957	139.9361964	Node	1919716759	takasi.png	24,24	0,0
37.5252969	139.9362301	Node	1919716760	takasi.png	24,24	0,0
37.5253068	139.9362575	Node	1919716761	takasi.png	24,24	0,0
37.5253315	139.9362725	Node	1919716764	takasi.png	24,24	0,0
37.5253539	139.9362757	Node	1919716767	takasi.png	24,24	0,0
37.5253889	139.9362612	Node	1920124191	takasi.png	24,24	0,0
37.5254211	139.9362335	Node	1919716773	takasi.png	24,24	0,0
37.5254703	139.9361847	Node	1919716775	takasi.png	24,24	0,0
37.5255329	139.9361511	Node	1919716777	takasi.png	24,24	0,0
37.5256100	139.9361377	Node	1919716779	takasi.png	24,24	0,0
37.5256504	139.9361477	Node	1919716781	takasi.png	24,24	0,0
37.5256818	139.9361670	Node	1919716782	takasi.png	24,24	0,0
37.5257276	139.9362076	Node	1919716785	takasi.png	24,24	0,0
37.5257845	139.9362790	Node	1919716789	takasi.png	24,24	0,0
37.5258279	139.9363099	Node	1919716791	takasi.png	24,24	0,0
37.5258760	139.9363189	Node	1919716793	takasi.png	24,24	0,0
37.5259247	139.9363196	Node	1919716796	takasi.png	24,24	0,0
37.5259711	139.9363042	Node	1919716799	takasi.png	24,24	0,0
37.5259983	139.9362771	Node	1919716801	takasi.png	24,24	0,0
37.5260165	139.9362442	Node	1919716803	takasi.png	24,24	0,0
37.5260263	139.9362024	Node	1919716805	takasi.png	24,24	0,0
37.5260291	139.9361609	Node	1919716806	takasi.png	24,24	0,0
37.5260258	139.9361018	Node	1919716804	takasi.png	24,24	0,0
37.5260145	139.9360335	Node	1919716802	takasi.png	24,24	0,0
37.5259907	139.9359630	Node	1919716800	takasi.png	24,24	0,0
37.5259699	139.9359212	Node	1919716798	takasi.png	24,24	0,0
37.5259498	139.9358869	Node	1919716797	takasi.png	24,24	0,0
37.5259190	139.9358678	Node	1919716795	takasi.png	24,24	0,0
37.5258856	139.9358549	Node	1919716794	takasi.png	24,24	0,0
37.5258341	139.9358347	Node	1919716790	takasi.png	24,24	0,0
37.5257941	139.9357946	Node	1919716788	takasi.png	24,24	0,0
37.5257720	139.9357612	Node	1920124259	takasi.png	24,24	0,0
37.5257570	139.9357126	Node	1919716787	takasi.png	24,24	0,0
37.5257477	139.9355801	Node	1919716786	takasi.png	24,24	0,0
37.5257414	139.9355202	Node	1919716784	takasi.png	24,24	0,0
37.5257272	139.9354923	Node	1920124248	takasi.png	24,24	0,0
37.5257056	139.9354641	Node	1920124242	takasi.png	24,24	0,0
37.5256759	139.9354300	Node	1919716783	takasi.png	24,24	0,0
37.5258145	139.9398114	Node	1920105004	takasi.png	24,24	0,0
37.5257791	139.9402238	Node	1920105003	takasi.png	24,24	0,0
37.5251220	139.9401241	Node	1920105001	takasi.png	24,24	0,0
37.5251599	139.9397117	Node	1920105002	takasi.png	24,24	0,0
37.5258145	139.9398114	Node	1920105004	takasi.png	24,24	0,0
37.5253996	139.9362791	Node	1920124197	takasi.png	24,24	0,0
37.5254032	139.9363728	Node	1920124198	takasi.png	24,24	0,0
37.5258623	139.9363365	Node	1920124272	takasi.png	24,24	0,0
37.5258557	139.9364172	Node	1920124271	takasi.png	24,24	0,0
37.5253960	139.9365163	Node	1920124193	takasi.png	24,24	0,0
37.5253963	139.9365233	Node	1920124196	takasi.png	24,24	0,0
37.5258543	139.9353663	Node	1920124270	takasi.png	24,24	0,0
37.5257888	139.9352899	Node	1920124261	takasi.png	24,24	0,0
37.5260310	139.9362468	Node	1920124303	takasi.png	24,24	0,0
37.5260687	139.9362613	Node	1920124313	takasi.png	24,24	0,0
37.5255456	139.9365649	Node	1920124226	takasi.png	24,24	0,0
37.5255433	139.9365889	Node	1920124224	takasi.png	24,24	0,0
37.5255433	139.9365889	Node	1920124224	takasi.png	24,24	0,0
37.5255376	139.9366666	Node	1920124222	takasi.png	24,24	0,0
37.5254032	139.9363728	Node	1920124198	takasi.png	24,24	0,0
37.5253960	139.9365163	Node	1920124193	takasi.png	24,24	0,0
37.5259981	139.9355303	Node	1920124293	takasi.png	24,24	0,0
37.5259210	139.9354474	Node	1920124284	takasi.png	24,24	0,0
37.5258557	139.9364172	Node	1920124271	takasi.png	24,24	0,0
37.5258361	139.9365806	Node	1920124265	takasi.png	24,24	0,0
37.5260687	139.9362613	Node	1920124313	takasi.png	24,24	0,0
37.5261369	139.9362688	Node	1920124318	takasi.png	24,24	0,0
37.5259210	139.9354474	Node	1920124284	takasi.png	24,24	0,0
37.5258543	139.9353663	Node	1920124270	takasi.png	24,24	0,0
37.5258361	139.9365806	Node	1920124265	takasi.png	24,24	0,0
37.5258334	139.9366131	Node	1920124264	takasi.png	24,24	0,0
37.5261369	139.9362688	Node	1920124318	takasi.png	24,24	0,0
37.5261498	139.9362708	Node	1920124322	takasi.png	24,24	0,0
37.5250430	139.9363008	Node	1920124122	takasi.png	24,24	0,0
37.5250520	139.9361385	Node	1920124123	takasi.png	24,24	0,0
37.5253005	139.9358213	Node	1920124166	takasi.png	24,24	0,0
37.5252064	139.9360509	Node	1920124152	takasi.png	24,24	0,0
37.5251542	139.9361871	Node	1920124147	takasi.png	24,24	0,0
37.5251127	139.9362958	Node	1920124142	takasi.png	24,24	0,0
37.5250786	139.9363028	Node	1920124131	takasi.png	24,24	0,0
37.5250718	139.9364092	Node	1920124129	takasi.png	24,24	0,0
37.5250681	139.9364549	Node	1920124126	takasi.png	24,24	0,0
37.5250756	139.9364835	Node	1920124130	takasi.png	24,24	0,0
37.5250847	139.9365007	Node	1920124132	takasi.png	24,24	0,0
37.5251058	139.9365140	Node	1920124139	takasi.png	24,24	0,0
37.5251536	139.9365271	Node	1920124146	takasi.png	24,24	0,0
37.5252744	139.9365163	Node	1920124160	takasi.png	24,24	0,0
37.5253963	139.9365233	Node	1920124196	takasi.png	24,24	0,0
37.5254116	139.9365242	Node	1920124200	takasi.png	24,24	0,0
37.5254660	139.9365349	Node	1920124210	takasi.png	24,24	0,0
37.5255148	139.9365586	Node	1920124217	takasi.png	24,24	0,0
37.5255456	139.9365649	Node	1920124226	takasi.png	24,24	0,0
37.5255965	139.9365754	Node	1920124231	takasi.png	24,24	0,0
37.5257180	139.9365936	Node	1920124245	takasi.png	24,24	0,0
37.5258334	139.9366131	Node	1920124264	takasi.png	24,24	0,0
37.5258767	139.9366193	Node	1920124275	takasi.png	24,24	0,0
37.5257888	139.9352899	Node	1920124261	takasi.png	24,24	0,0
37.5257180	139.9352042	Node	1920124244	takasi.png	24,24	0,0
37.5256972	139.9351856	Node	1920124240	takasi.png	24,24	0,0
37.5256756	139.9351675	Node	1920124238	takasi.png	24,24	0,0
37.5256533	139.9351456	Node	1920124236	takasi.png	24,24	0,0
37.5256243	139.9351294	Node	1920124233	takasi.png	24,24	0,0
37.5255887	139.9351208	Node	1920124229	takasi.png	24,24	0,0
37.5255623	139.9351199	Node	1920124227	takasi.png	24,24	0,0
37.5255323	139.9351264	Node	1920124220	takasi.png	24,24	0,0
37.5254975	139.9351399	Node	1920124215	takasi.png	24,24	0,0
37.5254665	139.9351527	Node	1920124211	takasi.png	24,24	0,0
37.5253896	139.9351951	Node	1920124192	takasi.png	24,24	0,0
37.5251789	139.9353099	Node	1920124150	takasi.png	24,24	0,0
37.5251358	139.9353404	Node	1920124145	takasi.png	24,24	0,0
37.5251147	139.9353718	Node	1920124143	takasi.png	24,24	0,0
37.5250943	139.9354157	Node	1920124138	takasi.png	24,24	0,0
37.5250867	139.9354595	Node	1920124133	takasi.png	24,24	0,0
37.5250897	139.9355110	Node	1920124135	takasi.png	24,24	0,0
37.5251077	139.9356015	Node	1920124141	takasi.png	24,24	0,0
37.5251156	139.9356523	Node	1920124144	takasi.png	24,24	0,0
37.5251070	139.9357359	Node	1920124140	takasi.png	24,24	0,0
37.5250932	139.9358437	Node	1920124136	takasi.png	24,24	0,0
37.5250696	139.9359811	Node	1920124128	takasi.png	24,24	0,0
37.5250590	139.9360633	Node	1920124125	takasi.png	24,24	0,0
37.5250786	139.9363028	Node	1920124131	takasi.png	24,24	0,0
37.5250430	139.9363008	Node	1920124122	takasi.png	24,24	0,0
37.5249554	139.9362915	Node	1920124120	takasi.png	24,24	0,0
37.5252315	139.9355714	Node	1920124153	takasi.png	24,24	0,0
37.5251869	139.9356487	Node	1920124151	takasi.png	24,24	0,0
37.5251587	139.9359756	Node	1920124149	takasi.png	24,24	0,0
37.5251542	139.9361871	Node	1920124147	takasi.png	24,24	0,0
37.5258427	139.9397323	Node	1920128793	takasi.png	24,24	0,0
37.5246725	139.9395407	Node	1920128791	takasi.png	24,24	0,0
37.5219428	139.9375973	Node	1923503417	takasi.png	24,24	0,0
37.5219451	139.9375641	Node	944844730	takasi.png	24,24	0,0
37.5219475	139.9375189	Node	1923503419	takasi.png	24,24	0,0
37.5219614	139.9372505	Node	1912565641	takasi.png	24,24	0,0
37.5219863	139.9369189	Node	1912565643	takasi.png	24,24	0,0
37.5220157	139.9367765	Node	944844731	takasi.png	24,24	0,0
37.5221063	139.9366817	Node	944844732	takasi.png	24,24	0,0
37.5222476	139.9366425	Node	944844733	takasi.png	24,24	0,0
37.5227457	139.9366898	Node	944844739	takasi.png	24,24	0,0
37.5228548	139.9366921	Node	944844740	takasi.png	24,24	0,0
37.5229549	139.9366396	Node	1998389060	takasi.png	24,24	0,0
37.5239237	139.9361010	Node	1912565662	takasi.png	24,24	0,0
37.5245145	139.9358133	Node	944844756	takasi.png	24,24	0,0
37.5245850	139.9357800	Node	1921440437	takasi.png	24,24	0,0
37.5249128	139.9358379	Node	1919716744	takasi.png	24,24	0,0
37.5249443	139.9358500	Node	1998389071	takasi.png	24,24	0,0
37.5249670	139.9358730	Node	1919716747	takasi.png	24,24	0,0
37.5249819	139.9359040	Node	1998389074	takasi.png	24,24	0,0
37.5249866	139.9359432	Node	944844757	takasi.png	24,24	0,0
37.5249554	139.9362915	Node	1920124120	takasi.png	24,24	0,0
37.5248794	139.9371796	Node	1912565682	takasi.png	24,24	0,0
37.5247611	139.9385323	Node	1295726100	takasi.png	24,24	0,0
37.5246725	139.9395407	Node	1920128791	takasi.png	24,24	0,0
37.5246418	139.9399104	Node	1983927735	takasi.png	24,24	0,0
37.5246259	139.9399537	Node	944844772	takasi.png	24,24	0,0
37.5246007	139.9400114	Node	1920104964	takasi.png	24,24	0,0
37.5245309	139.9400558	Node	944844773	takasi.png	24,24	0,0
37.5242460	139.9400261	Node	944844774	takasi.png	24,24	0,0
37.5220219	139.9397227	Node	944844749	takasi.png	24,24	0,0
37.5218700	139.9396948	Node	944844750	takasi.png	24,24	0,0
37.5218165	139.9396135	Node	1920104962	takasi.png	24,24	0,0
37.5218109	139.9395055	Node	1920104961	takasi.png	24,24	0,0
37.5218913	139.9383942	Node	2358258604	takasi.png	24,24	0,0
37.5219112	139.9381187	Node	1999762092	takasi.png	24,24	0,0
37.5219343	139.9377110	Node	1999762093	takasi.png	24,24	0,0
37.5219428	139.9375973	Node	1923503417	takasi.png	24,24	0,0
37.5266641	139.9426833	Node	2358241411	takasi.png	24,24	0,0
37.5266064	139.9427050	Node	2358241409	takasi.png	24,24	0,0
37.5265595	139.9427467	Node	1272496150	takasi.png	24,24	0,0
37.5265240	139.9427908	Node	1998328437	takasi.png	24,24	0,0
37.5264850	139.9428341	Node	919728243	takasi.png	24,24	0,0
37.5262699	139.9368060	Node	1921430357	takasi.png	24,24	0,0
37.5259412	139.9403950	Node	1921430331	takasi.png	24,24	0,0
37.5259222	139.9404199	Node	1921430329	takasi.png	24,24	0,0
37.5243125	139.9402138	Node	1921430242	takasi.png	24,24	0,0
37.5242842	139.9402033	Node	1921430240	takasi.png	24,24	0,0
37.5242802	139.9401657	Node	1921430239	takasi.png	24,24	0,0
37.5242955	139.9401173	Node	1921430241	takasi.png	24,24	0,0
37.5243275	139.9400922	Node	1921430243	takasi.png	24,24	0,0
37.5257602	139.9402651	Node	1921430314	takasi.png	24,24	0,0
37.5257895	139.9402641	Node	1921430317	takasi.png	24,24	0,0
37.5258124	139.9402372	Node	1921430318	takasi.png	24,24	0,0
37.5258368	139.9401663	Node	1921430320	takasi.png	24,24	0,0
37.5261302	139.9367838	Node	1921430339	takasi.png	24,24	0,0
37.5262699	139.9368060	Node	1921430357	takasi.png	24,24	0,0
37.5219215	139.9370313	Node	1921430179	takasi.png	24,24	0,0
37.5219026	139.9370086	Node	1921430176	takasi.png	24,24	0,0
37.5218792	139.9369959	Node	1921430174	takasi.png	24,24	0,0
37.5218553	139.9369939	Node	1921430172	takasi.png	24,24	0,0
37.5218312	139.9370022	Node	1921430167	takasi.png	24,24	0,0
37.5218109	139.9370200	Node	1921430165	takasi.png	24,24	0,0
37.5217949	139.9370495	Node	1921430160	takasi.png	24,24	0,0
37.5217900	139.9370711	Node	2358071583	takasi.png	24,24	0,0
37.5217896	139.9370973	Node	1921430158	takasi.png	24,24	0,0
37.5217942	139.9371201	Node	2358071584	takasi.png	24,24	0,0
37.5218028	139.9371399	Node	1921430164	takasi.png	24,24	0,0
37.5218204	139.9371618	Node	1921430166	takasi.png	24,24	0,0
37.5218412	139.9371744	Node	1921430168	takasi.png	24,24	0,0
37.5218648	139.9371783	Node	1921430173	takasi.png	24,24	0,0
37.5218888	139.9371722	Node	1921430175	takasi.png	24,24	0,0
37.5219154	139.9371497	Node	1921430178	takasi.png	24,24	0,0
37.5219288	139.9371249	Node	1921430180	takasi.png	24,24	0,0
37.5219355	139.9370917	Node	1921430182	takasi.png	24,24	0,0
37.5219320	139.9370571	Node	1921430181	takasi.png	24,24	0,0
37.5219215	139.9370313	Node	1921430179	takasi.png	24,24	0,0
37.5225844	139.9359457	Node	1921430206	takasi.png	24,24	0,0
37.5225847	139.9362542	Node	1921430204	takasi.png	24,24	0,0
37.5225533	139.9362787	Node	2389222257	takasi.png	24,24	0,0
37.5224470	139.9362667	Node	2389222251	takasi.png	24,24	0,0
37.5223517	139.9362458	Node	1921430198	takasi.png	24,24	0,0
37.5223691	139.9359202	Node	1921430199	takasi.png	24,24	0,0
37.5225844	139.9359457	Node	1921430206	takasi.png	24,24	0,0
37.5233533	139.9345393	Node	1921430219	takasi.png	24,24	0,0
37.5234508	139.9354767	Node	2389222326	takasi.png	24,24	0,0
37.5233707	139.9356199	Node	1921430218	takasi.png	24,24	0,0
37.5230286	139.9355892	Node	2389222311	takasi.png	24,24	0,0
37.5229143	139.9354257	Node	2389222297	takasi.png	24,24	0,0
37.5228330	139.9354192	Node	1921430210	takasi.png	24,24	0,0
37.5228863	139.9344938	Node	1921430214	takasi.png	24,24	0,0
37.5233533	139.9345393	Node	1921430219	takasi.png	24,24	0,0
37.5258806	139.9351475	Node	1921430323	takasi.png	24,24	0,0
37.5257624	139.9350316	Node	1921430315	takasi.png	24,24	0,0
37.5257016	139.9350051	Node	1921430312	takasi.png	24,24	0,0
37.5256543	139.9349949	Node	1921430310	takasi.png	24,24	0,0
37.5256003	139.9350076	Node	1921430308	takasi.png	24,24	0,0
37.5250013	139.9352949	Node	1921430298	takasi.png	24,24	0,0
37.5249951	139.9353184	Node	1921430297	takasi.png	24,24	0,0
37.5250048	139.9353450	Node	1921430299	takasi.png	24,24	0,0
37.5250212	139.9353522	Node	1921430301	takasi.png	24,24	0,0
37.5250657	139.9353369	Node	1921430304	takasi.png	24,24	0,0
37.5254881	139.9351292	Node	1921430306	takasi.png	24,24	0,0
37.5255591	139.9351015	Node	1921430307	takasi.png	24,24	0,0
37.5256311	139.9350801	Node	1921430309	takasi.png	24,24	0,0
37.5256843	139.9350840	Node	1921430311	takasi.png	24,24	0,0
37.5257349	139.9351072	Node	1921430313	takasi.png	24,24	0,0
37.5257859	139.9351551	Node	1921430316	takasi.png	24,24	0,0
37.5258441	139.9352009	Node	1921430321	takasi.png	24,24	0,0
37.5258623	139.9352014	Node	1921430322	takasi.png	24,24	0,0
37.5258822	139.9351811	Node	1921430324	takasi.png	24,24	0,0
37.5258806	139.9351475	Node	1921430323	takasi.png	24,24	0,0
37.5215997	139.9360590	Node	1921430133	takasi.png	24,24	0,0
37.5215929	139.9361794	Node	1921430130	takasi.png	24,24	0,0
37.5223848	139.9353997	Node	1921430197	takasi.png	24,24	0,0
37.5223431	139.9361964	Node	1921430196	takasi.png	24,24	0,0
37.5256951	139.9347119	Node	919728237	takasi.png	24,24	0,0
37.5258029	139.9348127	Node	1921430327	takasi.png	24,24	0,0
37.5233656	139.9342868	Node	1921430222	takasi.png	24,24	0,0
37.5233580	139.9345023	Node	1921430221	takasi.png	24,24	0,0
37.5228859	139.9344566	Node	1921430215	takasi.png	24,24	0,0
37.5228975	139.9342447	Node	1921430216	takasi.png	24,24	0,0
37.5233656	139.9342868	Node	1921430222	takasi.png	24,24	0,0
37.5261467	139.9363199	Node	1920124321	takasi.png	24,24	0,0
37.5261498	139.9362708	Node	1920124322	takasi.png	24,24	0,0
37.5261558	139.9362438	Node	1920124324	takasi.png	24,24	0,0
37.5261664	139.9362068	Node	1920124327	takasi.png	24,24	0,0
37.5261809	139.9361818	Node	1920124330	takasi.png	24,24	0,0
37.5261851	139.9361380	Node	1920124332	takasi.png	24,24	0,0
37.5261739	139.9361003	Node	1920124328	takasi.png	24,24	0,0
37.5261627	139.9360113	Node	1920124326	takasi.png	24,24	0,0
37.5261563	139.9359446	Node	1920124325	takasi.png	24,24	0,0
37.5261504	139.9358564	Node	1920124323	takasi.png	24,24	0,0
37.5261435	139.9357863	Node	1920124320	takasi.png	24,24	0,0
37.5261312	139.9357317	Node	1920124317	takasi.png	24,24	0,0
37.5261044	139.9356739	Node	1920124315	takasi.png	24,24	0,0
37.5260870	139.9356410	Node	1920124314	takasi.png	24,24	0,0
37.5260662	139.9356053	Node	1920124312	takasi.png	24,24	0,0
37.5260530	139.9355858	Node	1920124311	takasi.png	24,24	0,0
37.5259981	139.9355303	Node	1920124293	takasi.png	24,24	0,0
37.5241861	139.9400714	Node	1921430233	takasi.png	24,24	0,0
37.5218359	139.9397673	Node	1921430171	takasi.png	24,24	0,0
37.5217597	139.9397102	Node	1921430159	takasi.png	24,24	0,0
37.5217307	139.9396169	Node	1921430155	takasi.png	24,24	0,0
37.5217324	139.9395538	Node	1921430152	takasi.png	24,24	0,0
37.5217449	139.9393021	Node	1921430149	takasi.png	24,24	0,0
37.5217462	139.9392563	Node	1921430150	takasi.png	24,24	0,0
37.5215534	139.9392407	Node	1921430118	takasi.png	24,24	0,0
37.5216360	139.9376184	Node	1921430137	takasi.png	24,24	0,0
37.5216265	139.9376080	Node	1999740370	takasi.png	24,24	0,0
37.5215973	139.9376161	Node	1998389046	takasi.png	24,24	0,0
37.5215041	139.9397401	Node	1921430112	takasi.png	24,24	0,0
37.5215291	139.9398125	Node	1921430114	takasi.png	24,24	0,0
37.5215573	139.9398413	Node	1921430119	takasi.png	24,24	0,0
37.5241718	139.9401964	Node	1921430232	takasi.png	24,24	0,0
37.5242044	139.9401800	Node	1921430237	takasi.png	24,24	0,0
37.5242108	139.9401284	Node	1921430238	takasi.png	24,24	0,0
37.5242065	139.9400978	Node	1921430236	takasi.png	24,24	0,0
37.5241861	139.9400714	Node	1921430233	takasi.png	24,24	0,0
37.5262477	139.9366830	Node	1921430350	takasi.png	24,24	0,0
37.5262672	139.9366843	Node	1921430354	takasi.png	24,24	0,0
37.5262769	139.9366618	Node	1921430358	takasi.png	24,24	0,0
37.5262925	139.9364604	Node	1921430360	takasi.png	24,24	0,0
37.5262973	139.9362164	Node	1921430363	takasi.png	24,24	0,0
37.5262889	139.9360616	Node	1921430359	takasi.png	24,24	0,0
37.5262686	139.9358960	Node	1921430356	takasi.png	24,24	0,0
37.5262462	139.9357723	Node	1921430349	takasi.png	24,24	0,0
37.5262183	139.9356658	Node	1921430344	takasi.png	24,24	0,0
37.5261557	139.9355226	Node	1921430341	takasi.png	24,24	0,0
37.5260724	139.9353847	Node	1921430335	takasi.png	24,24	0,0
37.5260507	139.9353785	Node	1999740418	takasi.png	24,24	0,0
37.5260324	139.9353880	Node	1921430333	takasi.png	24,24	0,0
37.5260338	139.9354235	Node	1921430332	takasi.png	24,24	0,0
37.5260693	139.9354836	Node	1999740419	takasi.png	24,24	0,0
37.5260976	139.9355410	Node	1921430338	takasi.png	24,24	0,0
37.5261672	139.9356723	Node	1921430342	takasi.png	24,24	0,0
37.5261981	139.9357776	Node	1999740424	takasi.png	24,24	0,0
37.5262223	139.9358897	Node	1921430343	takasi.png	24,24	0,0
37.5262415	139.9360674	Node	1921430347	takasi.png	24,24	0,0
37.5262527	139.9362404	Node	1921430352	takasi.png	24,24	0,0
37.5262482	139.9364169	Node	1921430351	takasi.png	24,24	0,0
37.5262434	139.9365438	Node	1921430348	takasi.png	24,24	0,0
37.5262344	139.9366589	Node	1921430346	takasi.png	24,24	0,0
37.5262388	139.9366731	Node	1999740428	takasi.png	24,24	0,0
37.5262477	139.9366830	Node	1921430350	takasi.png	24,24	0,0
37.5215995	139.9360419	Node	1921430132	takasi.png	24,24	0,0
37.5216938	139.9360612	Node	1999740375	takasi.png	24,24	0,0
37.5219080	139.9361041	Node	1921430177	takasi.png	24,24	0,0
37.5223431	139.9361964	Node	1921430196	takasi.png	24,24	0,0
37.5262828	139.9382080	Node	1921440457	takasi.png	24,24	0,0
37.5261867	139.9393706	Node	1999740423	takasi.png	24,24	0,0
37.5261726	139.9405514	Node	1921440455	takasi.png	24,24	0,0
37.5265080	139.9406113	Node	1921440462	takasi.png	24,24	0,0
37.5265467	139.9404676	Node	1921440464	takasi.png	24,24	0,0
37.5266629	139.9402603	Node	1921440467	takasi.png	24,24	0,0
37.5254761	139.9331367	Node	1921440446	takasi.png	24,24	0,0
37.5255950	139.9341900	Node	1921440449	takasi.png	24,24	0,0
37.5253583	139.9342325	Node	1921440444	takasi.png	24,24	0,0
37.5252393	139.9331793	Node	1921440442	takasi.png	24,24	0,0
37.5254761	139.9331367	Node	1921440446	takasi.png	24,24	0,0
37.5266945	139.9346100	Node	1921440473	takasi.png	24,24	0,0
37.5265128	139.9406578	Node	1921440463	takasi.png	24,24	0,0
37.5261211	139.9406135	Node	1998328410	takasi.png	24,24	0,0
37.5260413	139.9406140	Node	1272496166	takasi.png	24,24	0,0
37.5262686	139.9381621	Node	1998328422	takasi.png	24,24	0,0
37.5262275	139.9381562	Node	1921440456	takasi.png	24,24	0,0
37.5219242	139.9353874	Node	1923503414	takasi.png	24,24	0,0
37.5219201	139.9354751	Node	1923503412	takasi.png	24,24	0,0
37.5218143	139.9354672	Node	1923503409	takasi.png	24,24	0,0
37.5218184	139.9353795	Node	1923503411	takasi.png	24,24	0,0
37.5219242	139.9353874	Node	1923503414	takasi.png	24,24	0,0
37.5203203	139.9389681	Node	1923503367	takasi.png	24,24	0,0
37.5203392	139.9379760	Node	1923503369	takasi.png	24,24	0,0
37.5206575	139.9389765	Node	1923503383	takasi.png	24,24	0,0
37.5206800	139.9379838	Node	1923503385	takasi.png	24,24	0,0
37.5242467	139.9340472	Node	1923503478	takasi.png	24,24	0,0
37.5242359	139.9341851	Node	1923503476	takasi.png	24,24	0,0
37.5240189	139.9341579	Node	1923503464	takasi.png	24,24	0,0
37.5240297	139.9340200	Node	1923503465	takasi.png	24,24	0,0
37.5242467	139.9340472	Node	1923503478	takasi.png	24,24	0,0
37.5235160	139.9397031	Node	1923503457	takasi.png	24,24	0,0
37.5235049	139.9398298	Node	1923503456	takasi.png	24,24	0,0
37.5230686	139.9397691	Node	1923503448	takasi.png	24,24	0,0
37.5230797	139.9396424	Node	1923503450	takasi.png	24,24	0,0
37.5235160	139.9397031	Node	1923503457	takasi.png	24,24	0,0
37.5242204	139.9398105	Node	1923503481	takasi.png	24,24	0,0
37.5242093	139.9399372	Node	1923503480	takasi.png	24,24	0,0
37.5237731	139.9398764	Node	1923503462	takasi.png	24,24	0,0
37.5237842	139.9397497	Node	1923503463	takasi.png	24,24	0,0
37.5242204	139.9398105	Node	1923503481	takasi.png	24,24	0,0
37.5215929	139.9361794	Node	1921430130	takasi.png	24,24	0,0
37.5215282	139.9374681	Node	1923503400	takasi.png	24,24	0,0
37.5215248	139.9374990	Node	944844729	takasi.png	24,24	0,0
37.5215231	139.9375522	Node	1923503399	takasi.png	24,24	0,0
37.5214538	139.9389986	Node	1921430113	takasi.png	24,24	0,0
37.5214012	139.9400140	Node	944844746	takasi.png	24,24	0,0
37.5213854	139.9405742	Node	2359784036	takasi.png	24,24	0,0
37.5213664	139.9410568	Node	944844747	takasi.png	24,24	0,0
37.5215217	139.9362682	Node	1923503401	takasi.png	24,24	0,0
37.5189636	139.9357393	Node	1923503356	takasi.png	24,24	0,0
37.5189626	139.9364731	Node	2389222088	takasi.png	24,24	0,0
37.5187511	139.9366631	Node	1923503354	takasi.png	24,24	0,0
37.5187768	139.9374268	Node	2389222073	takasi.png	24,24	0,0
37.5186097	139.9374594	Node	2389222046	takasi.png	24,24	0,0
37.5187793	139.9380831	Node	2389222075	takasi.png	24,24	0,0
37.5189040	139.9380899	Node	1923503355	takasi.png	24,24	0,0
37.5190078	139.9387657	Node	2389222091	takasi.png	24,24	0,0
37.5195502	139.9386438	Node	2389222109	takasi.png	24,24	0,0
37.5195071	139.9389874	Node	2389222107	takasi.png	24,24	0,0
37.5213615	139.9389989	Node	1923503397	takasi.png	24,24	0,0
37.5215217	139.9362682	Node	1923503401	takasi.png	24,24	0,0
37.5228959	139.9313920	Node	1923503444	takasi.png	24,24	0,0
37.5236917	139.9335701	Node	1923503461	takasi.png	24,24	0,0
37.5236902	139.9336733	Node	2432918320	takasi.png	24,24	0,0
37.5237159	139.9336739	Node	2432918334	takasi.png	24,24	0,0
37.5237149	139.9337428	Node	2432918332	takasi.png	24,24	0,0
37.5237436	139.9337435	Node	2432918343	takasi.png	24,24	0,0
37.5237407	139.9339326	Node	2432918342	takasi.png	24,24	0,0
37.5237315	139.9339324	Node	2432918341	takasi.png	24,24	0,0
37.5237311	139.9339604	Node	2432918339	takasi.png	24,24	0,0
37.5237007	139.9339597	Node	2432918326	takasi.png	24,24	0,0
37.5236999	139.9340096	Node	2432918323	takasi.png	24,24	0,0
37.5237303	139.9340103	Node	2432918337	takasi.png	24,24	0,0
37.5237288	139.9341102	Node	1923503460	takasi.png	24,24	0,0
37.5236629	139.9341087	Node	2432918314	takasi.png	24,24	0,0
37.5236632	139.9340944	Node	2432918317	takasi.png	24,24	0,0
37.5235958	139.9340928	Node	1923503458	takasi.png	24,24	0,0
37.5236037	139.9335680	Node	1923503459	takasi.png	24,24	0,0
37.5236917	139.9335701	Node	1923503461	takasi.png	24,24	0,0
37.5199904	139.9379680	Node	1923503366	takasi.png	24,24	0,0
37.5203392	139.9379760	Node	1923503369	takasi.png	24,24	0,0
37.5206800	139.9379838	Node	1923503385	takasi.png	24,24	0,0
37.5213801	139.9416734	Node	1923503392	takasi.png	24,24	0,0
37.5212226	139.9416481	Node	1923503386	takasi.png	24,24	0,0
37.5210283	139.9415982	Node	1979215144	takasi.png	24,24	0,0
37.5253031	139.9345570	Node	1923503541	takasi.png	24,24	0,0
37.5249741	139.9344779	Node	1923503540	takasi.png	24,24	0,0
37.5247810	139.9344509	Node	1923503519	takasi.png	24,24	0,0
37.5246942	139.9351466	Node	1923503524	takasi.png	24,24	0,0
37.5253430	139.9348760	Node	1923503543	takasi.png	24,24	0,0
37.5253031	139.9345570	Node	1923503541	takasi.png	24,24	0,0
37.5216254	139.9337195	Node	1923503404	takasi.png	24,24	0,0
37.5216222	139.9339179	Node	1923503403	takasi.png	24,24	0,0
37.5213769	139.9339117	Node	1923503395	takasi.png	24,24	0,0
37.5213801	139.9337133	Node	1923503396	takasi.png	24,24	0,0
37.5216254	139.9337195	Node	1923503404	takasi.png	24,24	0,0
37.5216366	139.9341484	Node	1923503407	takasi.png	24,24	0,0
37.5215919	139.9352697	Node	1923503402	takasi.png	24,24	0,0
37.5208401	139.9352001	Node	1923503387	takasi.png	24,24	0,0
37.5209047	139.9340882	Node	1923503388	takasi.png	24,24	0,0
37.5216366	139.9341484	Node	1923503407	takasi.png	24,24	0,0
37.5249072	139.9343186	Node	1923503538	takasi.png	24,24	0,0
37.5248963	139.9343862	Node	1999740403	takasi.png	24,24	0,0
37.5248684	139.9345477	Node	1923503536	takasi.png	24,24	0,0
37.5215282	139.9374681	Node	1923503400	takasi.png	24,24	0,0
37.5216027	139.9374801	Node	1999740367	takasi.png	24,24	0,0
37.5219475	139.9375189	Node	1923503419	takasi.png	24,24	0,0
37.5219428	139.9375973	Node	1923503417	takasi.png	24,24	0,0
37.5215975	139.9375599	Node	1999740365	takasi.png	24,24	0,0
37.5215231	139.9375522	Node	1923503399	takasi.png	24,24	0,0
37.5234824	139.9341779	Node	1923503454	takasi.png	24,24	0,0
37.5234787	139.9342382	Node	1999740392	takasi.png	24,24	0,0
37.5234774	139.9343376	Node	1923503452	takasi.png	24,24	0,0
37.5184469	139.9356831	Node	757003455	takasi.png	24,24	0,0
37.5185634	139.9356375	Node	757340865	takasi.png	24,24	0,0
37.5186260	139.9356260	Node	756061390	takasi.png	24,24	0,0
37.5188480	139.9356260	Node	756163876	takasi.png	24,24	0,0
37.5213141	139.9361496	Node	756562504	takasi.png	24,24	0,0
37.5215515	139.9362129	Node	1921430127	takasi.png	24,24	0,0
37.5216951	139.9362354	Node	756775134	takasi.png	24,24	0,0
37.5223693	139.9363926	Node	757050427	takasi.png	24,24	0,0
37.5226826	139.9363857	Node	755860708	takasi.png	24,24	0,0
37.5228467	139.9363465	Node	756128036	takasi.png	24,24	0,0
37.5243681	139.9355332	Node	2358120688	takasi.png	24,24	0,0
37.5251265	139.9351109	Node	2358121376	takasi.png	24,24	0,0
37.5256085	139.9348588	Node	2358121715	takasi.png	24,24	0,0
37.5258871	139.9346939	Node	757087434	takasi.png	24,24	0,0
37.5206651	139.9361613	Node	1979215142	takasi.png	24,24	0,0
37.5206659	139.9370174	Node	1979215141	takasi.png	24,24	0,0
37.5199828	139.9360054	Node	1979215133	takasi.png	24,24	0,0
37.5199770	139.9370027	Node	1979215132	takasi.png	24,24	0,0
37.5210088	139.9426789	Node	1979215145	takasi.png	24,24	0,0
37.5210283	139.9415982	Node	1979215144	takasi.png	24,24	0,0
37.5203346	139.9360817	Node	1979215138	takasi.png	24,24	0,0
37.5203113	139.9370125	Node	1979215139	takasi.png	24,24	0,0
37.5203220	139.9374706	Node	1979215140	takasi.png	24,24	0,0
37.5196313	139.9369948	Node	1979215126	takasi.png	24,24	0,0
37.5199770	139.9370027	Node	1979215132	takasi.png	24,24	0,0
37.5203113	139.9370125	Node	1979215139	takasi.png	24,24	0,0
37.5206659	139.9370174	Node	1979215141	takasi.png	24,24	0,0
37.5210334	139.9370318	Node	1979215146	takasi.png	24,24	0,0
37.5256627	139.9332941	Node	1921440450	takasi.png	24,24	0,0
37.5263634	139.9332757	Node	1979215179	takasi.png	24,24	0,0
37.5266250	139.9341101	Node	1979215190	takasi.png	24,24	0,0
37.5264906	139.9338163	Node	1979215183	takasi.png	24,24	0,0
37.5263634	139.9332757	Node	1979215179	takasi.png	24,24	0,0
37.5260909	139.9321455	Node	1979215175	takasi.png	24,24	0,0
37.5263241	139.9357714	Node	1920128560	takasi.png	24,24	0,0
37.5263693	139.9357759	Node	1998328432	takasi.png	24,24	0,0
37.5264584	139.9357826	Node	1979215181	takasi.png	24,24	0,0
37.5266554	139.9357991	Node	1921440466	takasi.png	24,24	0,0
37.5245532	139.9331029	Node	1979225792	takasi.png	24,24	0,0
37.5245506	139.9333532	Node	1979225789	takasi.png	24,24	0,0
37.5244660	139.9333518	Node	1979225728	takasi.png	24,24	0,0
37.5244686	139.9331015	Node	1979225732	takasi.png	24,24	0,0
37.5245532	139.9331029	Node	1979225792	takasi.png	24,24	0,0
37.5236920	139.9328704	Node	1979225471	takasi.png	24,24	0,0
37.5236881	139.9330652	Node	1979225469	takasi.png	24,24	0,0
37.5236047	139.9330625	Node	1979225454	takasi.png	24,24	0,0
37.5236086	139.9328678	Node	1979225456	takasi.png	24,24	0,0
37.5236920	139.9328704	Node	1979225471	takasi.png	24,24	0,0
37.5240588	139.9335070	Node	1979225575	takasi.png	24,24	0,0
37.5240549	139.9336969	Node	1979225573	takasi.png	24,24	0,0
37.5239785	139.9336944	Node	1979225554	takasi.png	24,24	0,0
37.5239824	139.9335045	Node	1979225556	takasi.png	24,24	0,0
37.5240588	139.9335070	Node	1979225575	takasi.png	24,24	0,0
37.5251242	139.9327341	Node	1979225963	takasi.png	24,24	0,0
37.5251213	139.9328662	Node	1979225962	takasi.png	24,24	0,0
37.5250347	139.9328631	Node	1979225956	takasi.png	24,24	0,0
37.5250376	139.9327310	Node	1979225957	takasi.png	24,24	0,0
37.5251242	139.9327341	Node	1979225963	takasi.png	24,24	0,0
37.5240653	139.9331012	Node	1979225578	takasi.png	24,24	0,0
37.5240627	139.9333663	Node	1979225577	takasi.png	24,24	0,0
37.5239744	139.9333649	Node	1979225549	takasi.png	24,24	0,0
37.5239770	139.9330998	Node	1979225551	takasi.png	24,24	0,0
37.5240653	139.9331012	Node	1979225578	takasi.png	24,24	0,0
37.5242076	139.9329122	Node	1979225645	takasi.png	24,24	0,0
37.5242076	139.9330322	Node	1979225647	takasi.png	24,24	0,0
37.5241284	139.9330322	Node	1979225613	takasi.png	24,24	0,0
37.5241284	139.9329122	Node	1979225612	takasi.png	24,24	0,0
37.5242076	139.9329122	Node	1979225645	takasi.png	24,24	0,0
37.5239166	139.9328246	Node	1979225518	takasi.png	24,24	0,0
37.5239114	139.9329997	Node	1979225514	takasi.png	24,24	0,0
37.5238320	139.9329960	Node	1979225501	takasi.png	24,24	0,0
37.5238372	139.9328209	Node	1979225506	takasi.png	24,24	0,0
37.5239166	139.9328246	Node	1979225518	takasi.png	24,24	0,0
37.5243521	139.9332550	Node	1979225692	takasi.png	24,24	0,0
37.5243482	139.9334252	Node	1979225690	takasi.png	24,24	0,0
37.5242545	139.9334218	Node	1979225617	takasi.png	24,24	0,0
37.5242584	139.9332516	Node	1979225618	takasi.png	24,24	0,0
37.5243521	139.9332550	Node	1979225692	takasi.png	24,24	0,0
37.5248310	139.9331290	Node	1979225910	takasi.png	24,24	0,0
37.5248297	139.9332943	Node	1979225908	takasi.png	24,24	0,0
37.5247504	139.9332933	Node	1979225885	takasi.png	24,24	0,0
37.5247517	139.9331281	Node	1979225889	takasi.png	24,24	0,0
37.5248310	139.9331290	Node	1979225910	takasi.png	24,24	0,0
37.5250026	139.9331145	Node	1979225958	takasi.png	24,24	0,0
37.5250052	139.9333092	Node	1979225959	takasi.png	24,24	0,0
37.5248925	139.9333116	Node	1979225914	takasi.png	24,24	0,0
37.5248900	139.9331169	Node	1979225912	takasi.png	24,24	0,0
37.5250026	139.9331145	Node	1979225958	takasi.png	24,24	0,0
37.5240484	139.9338359	Node	1979225567	takasi.png	24,24	0,0
37.5240367	139.9340176	Node	1979225565	takasi.png	24,24	0,0
37.5239597	139.9340097	Node	1979225541	takasi.png	24,24	0,0
37.5239713	139.9338281	Node	1979225547	takasi.png	24,24	0,0
37.5240484	139.9338359	Node	1979225567	takasi.png	24,24	0,0
37.5245687	139.9328249	Node	1979225796	takasi.png	24,24	0,0
37.5245596	139.9330278	Node	1979225795	takasi.png	24,24	0,0
37.5244715	139.9330215	Node	1979225735	takasi.png	24,24	0,0
37.5244806	139.9328186	Node	1979225767	takasi.png	24,24	0,0
37.5245687	139.9328249	Node	1979225796	takasi.png	24,24	0,0
37.5242925	139.9340896	Node	1979225654	takasi.png	24,24	0,0
37.5242925	139.9339505	Node	1979225652	takasi.png	24,24	0,0
37.5244306	139.9339505	Node	1979225724	takasi.png	24,24	0,0
37.5244306	139.9335845	Node	1979225722	takasi.png	24,24	0,0
37.5245474	139.9335845	Node	1979225784	takasi.png	24,24	0,0
37.5245474	139.9340869	Node	1979225787	takasi.png	24,24	0,0
37.5242925	139.9340896	Node	1979225654	takasi.png	24,24	0,0
37.5248234	139.9333930	Node	1979225904	takasi.png	24,24	0,0
37.5248234	139.9337023	Node	1979225905	takasi.png	24,24	0,0
37.5248974	139.9337023	Node	1979225919	takasi.png	24,24	0,0
37.5248974	139.9341195	Node	1979225947	takasi.png	24,24	0,0
37.5247118	139.9341195	Node	1979225853	takasi.png	24,24	0,0
37.5247118	139.9337955	Node	1979225851	takasi.png	24,24	0,0
37.5246379	139.9337955	Node	1979225830	takasi.png	24,24	0,0
37.5246379	139.9333930	Node	1979225827	takasi.png	24,24	0,0
37.5248234	139.9333930	Node	1979225904	takasi.png	24,24	0,0
37.5196320	139.9365014	Node	1979215127	takasi.png	24,24	0,0
37.5192912	139.9365828	Node	1979236400	takasi.png	24,24	0,0
37.5189479	139.9366849	Node	1979215113	takasi.png	24,24	0,0
37.5189480	139.9374478	Node	1979215115	takasi.png	24,24	0,0
37.5258380	139.9358192	Node	1983927780	takasi.png	24,24	0,0
37.5258777	139.9358393	Node	1983927781	takasi.png	24,24	0,0
37.5259108	139.9358525	Node	1983927783	takasi.png	24,24	0,0
37.5259361	139.9358630	Node	1983927784	takasi.png	24,24	0,0
37.5259553	139.9358762	Node	1983927786	takasi.png	24,24	0,0
37.5259701	139.9358891	Node	1983927788	takasi.png	24,24	0,0
37.5259792	139.9359038	Node	1983927789	takasi.png	24,24	0,0
37.5260020	139.9359544	Node	1983927791	takasi.png	24,24	0,0
37.5260202	139.9360124	Node	1983927793	takasi.png	24,24	0,0
37.5260309	139.9360703	Node	1983927795	takasi.png	24,24	0,0
37.5260370	139.9361250	Node	1983927797	takasi.png	24,24	0,0
37.5260381	139.9361583	Node	1983927798	takasi.png	24,24	0,0
37.5260337	139.9362076	Node	1983927796	takasi.png	24,24	0,0
37.5260265	139.9362417	Node	1983927794	takasi.png	24,24	0,0
37.5260119	139.9362727	Node	1983927792	takasi.png	24,24	0,0
37.5259877	139.9363029	Node	1983927790	takasi.png	24,24	0,0
37.5259697	139.9363215	Node	1983927787	takasi.png	24,24	0,0
37.5259471	139.9363292	Node	1983927785	takasi.png	24,24	0,0
37.5258974	139.9363321	Node	1983927782	takasi.png	24,24	0,0
37.5253035	139.9358507	Node	1983927752	takasi.png	24,24	0,0
37.5251236	139.9362960	Node	1983927740	takasi.png	24,24	0,0
37.5255391	139.9361596	Node	1983927778	takasi.png	24,24	0,0
37.5254940	139.9361818	Node	1983927775	takasi.png	24,24	0,0
37.5254628	139.9362059	Node	1983927774	takasi.png	24,24	0,0
37.5254345	139.9362339	Node	1983927772	takasi.png	24,24	0,0
37.5254105	139.9362565	Node	1983927771	takasi.png	24,24	0,0
37.5253899	139.9362718	Node	1983927769	takasi.png	24,24	0,0
37.5253706	139.9362817	Node	1983927768	takasi.png	24,24	0,0
37.5253466	139.9362864	Node	1983927759	takasi.png	24,24	0,0
37.5253281	139.9362849	Node	1983927756	takasi.png	24,24	0,0
37.5253096	139.9362733	Node	1983927754	takasi.png	24,24	0,0
37.5252951	139.9362572	Node	1983927751	takasi.png	24,24	0,0
37.5252879	139.9362299	Node	1983927748	takasi.png	24,24	0,0
37.5252882	139.9361982	Node	1983927749	takasi.png	24,24	0,0
37.5252940	139.9361501	Node	1983927750	takasi.png	24,24	0,0
37.5253327	139.9360440	Node	1983927757	takasi.png	24,24	0,0
37.5253564	139.9359771	Node	1983927760	takasi.png	24,24	0,0
37.5253670	139.9359411	Node	1983927764	takasi.png	24,24	0,0
37.5253705	139.9359197	Node	1983927766	takasi.png	24,24	0,0
37.5253706	139.9359021	Node	1983927767	takasi.png	24,24	0,0
37.5253672	139.9358862	Node	1983927765	takasi.png	24,24	0,0
37.5253575	139.9358675	Node	1983927761	takasi.png	24,24	0,0
37.5253444	139.9358503	Node	1983927758	takasi.png	24,24	0,0
37.5253091	139.9358157	Node	1983927753	takasi.png	24,24	0,0
37.5252803	139.9357807	Node	1983927747	takasi.png	24,24	0,0
37.5252611	139.9357369	Node	1983927745	takasi.png	24,24	0,0
37.5252472	139.9356648	Node	1983927743	takasi.png	24,24	0,0
37.5252410	139.9356019	Node	1983927741	takasi.png	24,24	0,0
37.5252465	139.9355545	Node	1983927742	takasi.png	24,24	0,0
37.5252699	139.9355039	Node	1983927746	takasi.png	24,24	0,0
37.5253161	139.9354517	Node	1983927755	takasi.png	24,24	0,0
37.5254012	139.9353770	Node	1983927770	takasi.png	24,24	0,0
37.5254584	139.9353475	Node	1983927773	takasi.png	24,24	0,0
37.5254992	139.9353374	Node	1983927776	takasi.png	24,24	0,0
37.5255335	139.9353410	Node	1983927777	takasi.png	24,24	0,0
37.5255740	139.9353529	Node	1983927779	takasi.png	24,24	0,0
37.5256829	139.9354156	Node	1920124239	takasi.png	24,24	0,0
37.5257192	139.9354511	Node	1920124246	takasi.png	24,24	0,0
37.5257481	139.9354904	Node	1920124252	takasi.png	24,24	0,0
37.5257577	139.9355234	Node	1920124253	takasi.png	24,24	0,0
37.5257604	139.9355746	Node	1920124254	takasi.png	24,24	0,0
37.5257641	139.9356454	Node	1920124255	takasi.png	24,24	0,0
37.5257694	139.9357093	Node	1920124257	takasi.png	24,24	0,0
37.5257839	139.9357512	Node	1920124260	takasi.png	24,24	0,0
37.5258074	139.9357842	Node	1920124262	takasi.png	24,24	0,0
37.5258416	139.9358118	Node	1920124268	takasi.png	24,24	0,0
37.5258790	139.9358334	Node	1920124276	takasi.png	24,24	0,0
37.5259159	139.9358482	Node	1920124283	takasi.png	24,24	0,0
37.5259528	139.9358637	Node	1920124286	takasi.png	24,24	0,0
37.5259763	139.9358846	Node	1920124289	takasi.png	24,24	0,0
37.5259977	139.9359277	Node	1920124294	takasi.png	24,24	0,0
37.5260180	139.9359850	Node	1920124299	takasi.png	24,24	0,0
37.5260319	139.9360463	Node	1920124304	takasi.png	24,24	0,0
37.5260401	139.9360991	Node	1920124308	takasi.png	24,24	0,0
37.5260435	139.9361600	Node	1920124309	takasi.png	24,24	0,0
37.5260382	139.9362063	Node	1920124307	takasi.png	24,24	0,0
37.5260310	139.9362468	Node	1920124303	takasi.png	24,24	0,0
37.5260095	139.9362882	Node	1920124298	takasi.png	24,24	0,0
37.5259902	139.9363154	Node	1920124292	takasi.png	24,24	0,0
37.5259717	139.9363316	Node	1920124288	takasi.png	24,24	0,0
37.5259483	139.9363416	Node	1920124285	takasi.png	24,24	0,0
37.5259127	139.9363401	Node	1920124280	takasi.png	24,24	0,0
37.5258810	139.9363382	Node	1920124278	takasi.png	24,24	0,0
37.5258623	139.9363365	Node	1920124272	takasi.png	24,24	0,0
37.5258394	139.9363344	Node	1920124266	takasi.png	24,24	0,0
37.5258106	139.9363198	Node	1920124263	takasi.png	24,24	0,0
37.5257652	139.9362827	Node	1920124256	takasi.png	24,24	0,0
37.5257246	139.9362295	Node	1920124247	takasi.png	24,24	0,0
37.5256990	139.9362005	Node	1920124241	takasi.png	24,24	0,0
37.5256637	139.9361763	Node	1920124237	takasi.png	24,24	0,0
37.5256327	139.9361601	Node	1920124234	takasi.png	24,24	0,0
37.5256012	139.9361513	Node	1920124232	takasi.png	24,24	0,0
37.5255643	139.9361587	Node	1920124228	takasi.png	24,24	0,0
37.5255280	139.9361756	Node	1920124218	takasi.png	24,24	0,0
37.5254938	139.9361953	Node	1920124214	takasi.png	24,24	0,0
37.5254548	139.9362304	Node	1920124209	takasi.png	24,24	0,0
37.5254206	139.9362607	Node	1920124203	takasi.png	24,24	0,0
37.5254041	139.9362769	Node	1920124199	takasi.png	24,24	0,0
37.5253996	139.9362791	Node	1920124197	takasi.png	24,24	0,0
37.5253838	139.9362870	Node	1920124187	takasi.png	24,24	0,0
37.5253616	139.9362945	Node	1983927762	takasi.png	24,24	0,0
37.5253394	139.9362957	Node	1920124178	takasi.png	24,24	0,0
37.5253186	139.9362924	Node	1920124173	takasi.png	24,24	0,0
37.5252993	139.9362762	Node	1920124168	takasi.png	24,24	0,0
37.5252838	139.9362479	Node	1920124163	takasi.png	24,24	0,0
37.5252806	139.9362149	Node	1920124162	takasi.png	24,24	0,0
37.5252844	139.9361643	Node	1920124164	takasi.png	24,24	0,0
37.5252993	139.9361165	Node	1920124167	takasi.png	24,24	0,0
37.5253394	139.9360059	Node	1920124177	takasi.png	24,24	0,0
37.5253631	139.9359340	Node	1920124185	takasi.png	24,24	0,0
37.5253647	139.9359085	Node	1983927763	takasi.png	24,24	0,0
37.5253601	139.9358867	Node	1920124184	takasi.png	24,24	0,0
37.5253480	139.9358691	Node	1920124179	takasi.png	24,24	0,0
37.5253304	139.9358468	Node	1920124175	takasi.png	24,24	0,0
37.5253005	139.9358213	Node	1920124166	takasi.png	24,24	0,0
37.5252757	139.9357942	Node	1920124161	takasi.png	24,24	0,0
37.5252506	139.9357302	Node	1920124157	takasi.png	24,24	0,0
37.5252315	139.9356192	Node	1920124154	takasi.png	24,24	0,0
37.5252315	139.9355714	Node	1920124153	takasi.png	24,24	0,0
37.5252502	139.9355114	Node	1920124156	takasi.png	24,24	0,0
37.5252855	139.9354629	Node	1920124165	takasi.png	24,24	0,0
37.5253293	139.9354245	Node	1920124176	takasi.png	24,24	0,0
37.5253865	139.9353760	Node	1920124189	takasi.png	24,24	0,0
37.5254417	139.9353424	Node	1920124206	takasi.png	24,24	0,0
37.5254914	139.9353276	Node	1920124213	takasi.png	24,24	0,0
37.5255394	139.9353269	Node	1920124223	takasi.png	24,24	0,0
37.5255907	139.9353484	Node	1920124230	takasi.png	24,24	0,0
37.5256451	139.9353850	Node	1920124235	takasi.png	24,24	0,0
37.5256829	139.9354156	Node	1920124239	takasi.png	24,24	0,0
37.5215275	139.9433875	Node	1996641818	takasi.png	24,24	0,0
37.5214310	139.9434916	Node	1996641814	takasi.png	24,24	0,0
37.5201963	139.9319697	Node	1998209391	takasi.png	24,24	0,0
37.5191055	139.9319633	Node	2389222097	takasi.png	24,24	0,0
37.5186189	139.9330620	Node	1998209377	takasi.png	24,24	0,0
37.5191745	139.9331120	Node	1998209378	takasi.png	24,24	0,0
37.5194853	139.9331605	Node	1998209379	takasi.png	24,24	0,0
37.5197290	139.9331312	Node	1998209381	takasi.png	24,24	0,0
37.5202081	139.9331420	Node	1998209390	takasi.png	24,24	0,0
37.5201963	139.9319697	Node	1998209391	takasi.png	24,24	0,0
37.5258236	139.9397699	Node	1999548061	takasi.png	24,24	0,0
37.5246896	139.9395760	Node	1999548058	takasi.png	24,24	0,0
37.5246729	139.9397987	Node	1999548057	takasi.png	24,24	0,0
37.5246637	139.9399369	Node	1999548056	takasi.png	24,24	0,0
37.5246364	139.9400117	Node	1999548055	takasi.png	24,24	0,0
37.5245831	139.9400597	Node	1999548054	takasi.png	24,24	0,0
37.5245496	139.9400846	Node	1999548053	takasi.png	24,24	0,0
37.5210070	139.9340694	Node	1999740342	takasi.png	24,24	0,0
37.5216705	139.9341149	Node	1999740376	takasi.png	24,24	0,0
37.5217099	139.9341195	Node	1999740382	takasi.png	24,24	0,0
37.5218075	139.9341200	Node	1999740384	takasi.png	24,24	0,0
37.5228265	139.9341806	Node	1999740388	takasi.png	24,24	0,0
37.5234787	139.9342382	Node	1999740392	takasi.png	24,24	0,0
37.5243224	139.9343172	Node	1999740397	takasi.png	24,24	0,0
37.5246879	139.9343415	Node	1999740399	takasi.png	24,24	0,0
37.5248963	139.9343862	Node	1999740403	takasi.png	24,24	0,0
37.5250835	139.9344368	Node	1999740407	takasi.png	24,24	0,0
37.5252442	139.9344997	Node	1999740409	takasi.png	24,24	0,0
37.5254170	139.9345897	Node	1999740410	takasi.png	24,24	0,0
37.5255716	139.9347061	Node	1999740411	takasi.png	24,24	0,0
37.5257656	139.9348750	Node	1999740412	takasi.png	24,24	0,0
37.5259130	139.9350195	Node	1999740413	takasi.png	24,24	0,0
37.5261036	139.9353051	Node	1999740420	takasi.png	24,24	0,0
37.5261829	139.9354653	Node	1999740422	takasi.png	24,24	0,0
37.5262318	139.9355888	Node	1999740426	takasi.png	24,24	0,0
37.5262764	139.9357746	Node	1998328425	takasi.png	24,24	0,0
37.5214672	139.9399195	Node	1999740356	takasi.png	24,24	0,0
37.5214590	139.9400200	Node	1999762091	takasi.png	24,24	0,0
37.5214545	139.9401154	Node	1999740350	takasi.png	24,24	0,0
37.5219343	139.9377110	Node	1999762093	takasi.png	24,24	0,0
37.5220245	139.9377233	Node	1999762106	takasi.png	24,24	0,0
37.5220390	139.9377517	Node	1999762108	takasi.png	24,24	0,0
37.5220173	139.9381046	Node	1999762104	takasi.png	24,24	0,0
37.5219966	139.9381259	Node	1999762099	takasi.png	24,24	0,0
37.5219112	139.9381187	Node	1999762092	takasi.png	24,24	0,0
37.5220136	139.9377847	Node	1999762102	takasi.png	24,24	0,0
37.5220014	139.9377729	Node	1999762101	takasi.png	24,24	0,0
37.5219836	139.9377717	Node	1999762098	takasi.png	24,24	0,0
37.5219736	139.9377772	Node	1999762096	takasi.png	24,24	0,0
37.5219569	139.9380592	Node	1999762094	takasi.png	24,24	0,0
37.5219644	139.9380728	Node	1999762095	takasi.png	24,24	0,0
37.5219828	139.9380782	Node	1999762097	takasi.png	24,24	0,0
37.5219967	139.9380622	Node	1999762100	takasi.png	24,24	0,0
37.5220136	139.9377847	Node	1999762102	takasi.png	24,24	0,0
37.5214545	139.9401154	Node	1999740350	takasi.png	24,24	0,0
37.5218788	139.9401618	Node	2358116484	takasi.png	24,24	0,0
37.5224581	139.9402252	Node	2358118054	takasi.png	24,24	0,0
37.5229798	139.9402823	Node	1999740390	takasi.png	24,24	0,0
37.5242188	139.9404189	Node	1999740393	takasi.png	24,24	0,0
37.5251631	139.9405712	Node	1999740405	takasi.png	24,24	0,0
37.5259835	139.9406746	Node	1999740415	takasi.png	24,24	0,0
37.5217114	139.9356498	Node	1999740378	takasi.png	24,24	0,0
37.5217286	139.9353189	Node	1999740380	takasi.png	24,24	0,0
37.5218075	139.9341200	Node	1999740384	takasi.png	24,24	0,0
37.5259886	139.9405469	Node	1999740416	takasi.png	24,24	0,0
37.5242291	139.9402708	Node	1999740395	takasi.png	24,24	0,0
37.5214672	139.9399195	Node	1999740356	takasi.png	24,24	0,0
37.5214672	139.9399195	Node	1999740356	takasi.png	24,24	0,0
37.5215975	139.9375599	Node	1999740365	takasi.png	24,24	0,0
37.5216027	139.9374801	Node	1999740367	takasi.png	24,24	0,0
37.5216771	139.9361997	Node	1999740372	takasi.png	24,24	0,0
37.5216938	139.9360612	Node	1999740375	takasi.png	24,24	0,0
37.5217114	139.9356498	Node	1999740378	takasi.png	24,24	0,0
37.5249874	139.9365926	Node	1921430296	takasi.png	24,24	0,0
37.5262734	139.9367936	Node	1921430362	takasi.png	24,24	0,0
37.5263030	139.9364622	Node	1921430364	takasi.png	24,24	0,0
37.5263067	139.9362213	Node	1921430365	takasi.png	24,24	0,0
37.5262983	139.9360631	Node	1999530347	takasi.png	24,24	0,0
37.5262777	139.9358918	Node	1921430361	takasi.png	24,24	0,0
37.5262486	139.9357353	Node	1921430355	takasi.png	24,24	0,0
37.5262276	139.9356595	Node	1999740425	takasi.png	24,24	0,0
37.5262015	139.9355893	Node	1921430345	takasi.png	24,24	0,0
37.5261630	139.9354886	Node	1999530346	takasi.png	24,24	0,0
37.5261052	139.9353785	Node	1921430340	takasi.png	24,24	0,0
37.5260401	139.9352645	Node	1921430334	takasi.png	24,24	0,0
37.5259261	139.9350904	Node	1921430330	takasi.png	24,24	0,0
37.5257614	139.9349185	Node	1921430319	takasi.png	24,24	0,0
37.5253921	139.9351004	Node	1921430305	takasi.png	24,24	0,0
37.5246621	139.9355083	Node	1921430253	takasi.png	24,24	0,0
37.5246481	139.9357524	Node	1921430255	takasi.png	24,24	0,0
37.5250505	139.9357952	Node	1921430303	takasi.png	24,24	0,0
37.5249874	139.9365926	Node	1921430296	takasi.png	24,24	0,0
37.5214344	139.9404583	Node	1999740348	takasi.png	24,24	0,0
37.5214545	139.9401154	Node	1999740350	takasi.png	24,24	0,0
37.5265028	139.9314242	Node	2087756500	takasi.png	24,24	0,0
37.5189504	139.9313255	Node	2087967996	takasi.png	24,24	0,0
37.5194446	139.9313540	Node	2432917641	takasi.png	24,24	0,0
37.5208156	139.9313617	Node	2087968037	takasi.png	24,24	0,0
37.5207112	139.9316892	Node	2087968036	takasi.png	24,24	0,0
37.5206835	139.9320108	Node	2087968035	takasi.png	24,24	0,0
37.5245923	139.9314073	Node	2087968112	takasi.png	24,24	0,0
37.5259486	139.9314130	Node	2087968142	takasi.png	24,24	0,0
37.5184831	139.9416361	Node	272630212	takasi.png	24,24	0,0
37.5241160	139.9425079	Node	1979215162	takasi.png	24,24	0,0
37.5245354	139.9424949	Node	2358120889	takasi.png	24,24	0,0
37.5248205	139.9424679	Node	1979215164	takasi.png	24,24	0,0
37.5252072	139.9426974	Node	2358241363	takasi.png	24,24	0,0
37.5254760	139.9427983	Node	2358241368	takasi.png	24,24	0,0
37.5256003	139.9428198	Node	1979215170	takasi.png	24,24	0,0
37.5257117	139.9427863	Node	2358241373	takasi.png	24,24	0,0
37.5257378	139.9427754	Node	2358241375	takasi.png	24,24	0,0
37.5258131	139.9427440	Node	1979215172	takasi.png	24,24	0,0
37.5262022	139.9425835	Node	1998328417	takasi.png	24,24	0,0
37.5262535	139.9425540	Node	1979215177	takasi.png	24,24	0,0
37.5266795	139.9404151	Node	1921440468	takasi.png	24,24	0,0
37.5265668	139.9406237	Node	1921440465	takasi.png	24,24	0,0
37.5265128	139.9406578	Node	1921440463	takasi.png	24,24	0,0
37.5265010	139.9409338	Node	1921440461	takasi.png	24,24	0,0
37.5265039	139.9411929	Node	2358241402	takasi.png	24,24	0,0
37.5265033	139.9412759	Node	2358241401	takasi.png	24,24	0,0
37.5264860	139.9413128	Node	1979215180	takasi.png	24,24	0,0
37.5263737	139.9415328	Node	2358241394	takasi.png	24,24	0,0
37.5263533	139.9415579	Node	2358241393	takasi.png	24,24	0,0
37.5263026	139.9416204	Node	2358241391	takasi.png	24,24	0,0
37.5262665	139.9417421	Node	1979215178	takasi.png	24,24	0,0
37.5262495	139.9420997	Node	2358241390	takasi.png	24,24	0,0
37.5262357	139.9422612	Node	2358241389	takasi.png	24,24	0,0
37.5262305	139.9423005	Node	1979215176	takasi.png	24,24	0,0
37.5262026	139.9423321	Node	1998328414	takasi.png	24,24	0,0
37.5261526	139.9423581	Node	1921366641	takasi.png	24,24	0,0
37.5262764	139.9357746	Node	1998328425	takasi.png	24,24	0,0
37.5262982	139.9359015	Node	1998328428	takasi.png	24,24	0,0
37.5263166	139.9360585	Node	1999530348	takasi.png	24,24	0,0
37.5263241	139.9361815	Node	1998328431	takasi.png	24,24	0,0
37.5263231	139.9364393	Node	1998328430	takasi.png	24,24	0,0
37.5262951	139.9368005	Node	1998328426	takasi.png	24,24	0,0
37.5261809	139.9381495	Node	1998361598	takasi.png	24,24	0,0
37.5261377	139.9386257	Node	1998361596	takasi.png	24,24	0,0
37.5259886	139.9405469	Node	1999740416	takasi.png	24,24	0,0
37.5259879	139.9406098	Node	1998328407	takasi.png	24,24	0,0
37.5259835	139.9406746	Node	1999740415	takasi.png	24,24	0,0
37.5259692	139.9410547	Node	1998328402	takasi.png	24,24	0,0
37.5259482	139.9414008	Node	1998328400	takasi.png	24,24	0,0
37.5259407	139.9415907	Node	1998328399	takasi.png	24,24	0,0
37.5259375	139.9417011	Node	1999530338	takasi.png	24,24	0,0
37.5259421	139.9417969	Node	1998328401	takasi.png	24,24	0,0
37.5259514	139.9418858	Node	1999530339	takasi.png	24,24	0,0
37.5259681	139.9419772	Node	1998328406	takasi.png	24,24	0,0
37.5259982	139.9420899	Node	1998328409	takasi.png	24,24	0,0
37.5260329	139.9422015	Node	1998328413	takasi.png	24,24	0,0
37.5261028	139.9423763	Node	1999530344	takasi.png	24,24	0,0
37.5261586	139.9424923	Node	2358241385	takasi.png	24,24	0,0
37.5262022	139.9425835	Node	1998328417	takasi.png	24,24	0,0
37.5262711	139.9426750	Node	1998328424	takasi.png	24,24	0,0
37.5263723	139.9428027	Node	1998328436	takasi.png	24,24	0,0
37.5264655	139.9429027	Node	1998328438	takasi.png	24,24	0,0
37.5265914	139.9430204	Node	1998328440	takasi.png	24,24	0,0
37.5258029	139.9348127	Node	1921430327	takasi.png	24,24	0,0
37.5259379	139.9349822	Node	919728236	takasi.png	24,24	0,0
37.5260209	139.9350977	Node	1920128554	takasi.png	24,24	0,0
37.5261236	139.9352625	Node	919728235	takasi.png	24,24	0,0
37.5262202	139.9354324	Node	1920128556	takasi.png	24,24	0,0
37.5262702	139.9355576	Node	1921430353	takasi.png	24,24	0,0
37.5263032	139.9356712	Node	919728234	takasi.png	24,24	0,0
37.5263241	139.9357714	Node	1920128560	takasi.png	24,24	0,0
37.5263405	139.9358744	Node	1912565721	takasi.png	24,24	0,0
37.5263519	139.9359775	Node	1920128564	takasi.png	24,24	0,0
37.5263599	139.9360948	Node	1920128565	takasi.png	24,24	0,0
37.5263626	139.9362296	Node	1999740431	takasi.png	24,24	0,0
37.5263595	139.9363598	Node	919728233	takasi.png	24,24	0,0
37.5262275	139.9381562	Node	1921440456	takasi.png	24,24	0,0
37.5260413	139.9406140	Node	1272496166	takasi.png	24,24	0,0
37.5260204	139.9410825	Node	919728249	takasi.png	24,24	0,0
37.5259991	139.9414029	Node	919728248	takasi.png	24,24	0,0
37.5259950	139.9416228	Node	1920128551	takasi.png	24,24	0,0
37.5259972	139.9417884	Node	2358241377	takasi.png	24,24	0,0
37.5260061	139.9418737	Node	2358241378	takasi.png	24,24	0,0
37.5260227	139.9419565	Node	1921366638	takasi.png	24,24	0,0
37.5260569	139.9420929	Node	919728246	takasi.png	24,24	0,0
37.5261051	139.9422388	Node	2358241383	takasi.png	24,24	0,0
37.5261526	139.9423581	Node	1921366641	takasi.png	24,24	0,0
37.5262535	139.9425540	Node	1979215177	takasi.png	24,24	0,0
37.5263086	139.9426360	Node	919728244	takasi.png	24,24	0,0
37.5263921	139.9427387	Node	2358241395	takasi.png	24,24	0,0
37.5264850	139.9428341	Node	919728243	takasi.png	24,24	0,0
37.5265035	139.9428506	Node	1979215185	takasi.png	24,24	0,0
37.5214012	139.9400140	Node	944844746	takasi.png	24,24	0,0
37.5214590	139.9400200	Node	1999762091	takasi.png	24,24	0,0
37.5242246	139.9403454	Node	944844770	takasi.png	24,24	0,0
37.5251697	139.9405087	Node	1979215168	takasi.png	24,24	0,0
37.5255537	139.9405592	Node	2358241370	takasi.png	24,24	0,0
37.5259879	139.9406098	Node	1998328407	takasi.png	24,24	0,0
37.5260413	139.9406140	Node	1272496166	takasi.png	24,24	0,0
37.5248205	139.9424679	Node	1979215164	takasi.png	24,24	0,0
37.5248609	139.9421735	Node	1979215165	takasi.png	24,24	0,0
37.5249038	139.9418959	Node	2358241359	takasi.png	24,24	0,0
37.5249027	139.9416255	Node	2358241358	takasi.png	24,24	0,0
37.5249447	139.9413191	Node	2358241360	takasi.png	24,24	0,0
37.5249346	139.9409393	Node	1979215166	takasi.png	24,24	0,0
37.5251631	139.9405712	Node	1999740405	takasi.png	24,24	0,0
37.5251697	139.9405087	Node	1979215168	takasi.png	24,24	0,0
37.5264455	139.9407002	Node	1985334869	takasi.png	24,24	0,0
37.5261464	139.9406824	Node	1985334862	takasi.png	24,24	0,0
37.5260982	139.9411583	Node	1985334859	takasi.png	24,24	0,0
37.5260719	139.9415080	Node	1999530343	takasi.png	24,24	0,0
37.5260857	139.9416594	Node	1985334860	takasi.png	24,24	0,0
37.5262084	139.9416532	Node	1985334865	takasi.png	24,24	0,0
37.5262560	139.9416348	Node	1985334866	takasi.png	24,24	0,0
37.5263531	139.9414773	Node	2358241392	takasi.png	24,24	0,0
37.5264342	139.9413345	Node	2358241397	takasi.png	24,24	0,0
37.5264542	139.9412149	Node	1985334867	takasi.png	24,24	0,0
37.5264531	139.9410922	Node	2358241398	takasi.png	24,24	0,0
37.5264525	139.9409823	Node	1985334868	takasi.png	24,24	0,0
37.5264455	139.9407002	Node	1985334869	takasi.png	24,24	0,0
37.5266797	139.9429292	Node	1998328439	takasi.png	24,24	0,0
37.5265240	139.9427908	Node	1998328437	takasi.png	24,24	0,0
37.5263731	139.9426218	Node	1998328427	takasi.png	24,24	0,0
37.5262983	139.9425139	Node	1998328421	takasi.png	24,24	0,0
37.5262497	139.9424279	Node	1998328418	takasi.png	24,24	0,0
37.5262026	139.9423321	Node	1998328414	takasi.png	24,24	0,0
37.5261639	139.9422492	Node	2358241386	takasi.png	24,24	0,0
37.5261167	139.9421054	Node	1998328411	takasi.png	24,24	0,0
37.5260881	139.9419994	Node	1998328408	takasi.png	24,24	0,0
37.5260716	139.9419152	Node	2358241381	takasi.png	24,24	0,0
37.5260607	139.9418509	Node	1998328405	takasi.png	24,24	0,0
37.5260528	139.9417622	Node	2358241380	takasi.png	24,24	0,0
37.5260521	139.9416869	Node	1999530342	takasi.png	24,24	0,0
37.5260466	139.9415369	Node	1998328403	takasi.png	24,24	0,0
37.5260772	139.9411204	Node	1998328404	takasi.png	24,24	0,0
37.5261211	139.9406135	Node	1998328410	takasi.png	24,24	0,0
37.5261544	139.9399887	Node	1998361594	takasi.png	24,24	0,0
37.5261605	139.9393618	Node	1998361597	takasi.png	24,24	0,0
37.5262686	139.9381621	Node	1998328422	takasi.png	24,24	0,0
37.5263941	139.9364081	Node	1998328435	takasi.png	24,24	0,0
37.5264012	139.9362579	Node	1999740432	takasi.png	24,24	0,0
37.5263983	139.9360686	Node	1998328434	takasi.png	24,24	0,0
37.5263804	139.9358805	Node	1998328433	takasi.png	24,24	0,0
37.5263693	139.9357759	Node	1998328432	takasi.png	24,24	0,0
37.5263309	139.9356270	Node	1999740430	takasi.png	24,24	0,0
37.5263055	139.9355322	Node	2435844315	takasi.png	24,24	0,0
37.5262924	139.9354830	Node	1999740429	takasi.png	24,24	0,0
37.5262330	139.9353375	Node	1999740427	takasi.png	24,24	0,0
37.5261327	139.9351435	Node	1999740421	takasi.png	24,24	0,0
37.5260022	139.9349363	Node	1999740417	takasi.png	24,24	0,0
37.5259416	139.9348642	Node	1999740414	takasi.png	24,24	0,0
37.5257885	139.9347129	Node	2435844309	takasi.png	24,24	0,0
37.5256897	139.9346299	Node	2435844308	takasi.png	24,24	0,0
37.5256040	139.9345768	Node	2435844303	takasi.png	24,24	0,0
37.5183603	139.9407275	Node	2484551428	takasi.png	24,24	0,0
37.5184201	139.9408686	Node	305898483	takasi.png	24,24	0,0
37.5185095	139.9410632	Node	256825409	takasi.png	24,24	0,0
37.5185967	139.9412330	Node	256825410	takasi.png	24,24	0,0
37.5187191	139.9414687	Node	256825411	takasi.png	24,24	0,0
37.5188361	139.9416717	Node	256825412	takasi.png	24,24	0,0
37.5189515	139.9418471	Node	1979215112	takasi.png	24,24	0,0
37.5190677	139.9420363	Node	305899204	takasi.png	24,24	0,0
37.5192663	139.9422987	Node	305899205	takasi.png	24,24	0,0
37.5194771	139.9425479	Node	305899206	takasi.png	24,24	0,0
37.5197732	139.9428694	Node	305899207	takasi.png	24,24	0,0
37.5200691	139.9431610	Node	305899208	takasi.png	24,24	0,0
37.5202413	139.9433041	Node	305899209	takasi.png	24,24	0,0
37.5250560	139.9405803	Node	1985334858	takasi.png	24,24	0,0
37.5243983	139.9405154	Node	1985334856	takasi.png	24,24	0,0
37.5243122	139.9406341	Node	2358258692	takasi.png	24,24	0,0
37.5242981	139.9408784	Node	1985334855	takasi.png	24,24	0,0
37.5249080	139.9408687	Node	1985334857	takasi.png	24,24	0,0
37.5250621	139.9406273	Node	2358258725	takasi.png	24,24	0,0
37.5250560	139.9405803	Node	1985334858	takasi.png	24,24	0,0
37.5245345	139.9355963	Node	1921430249	takasi.png	24,24	0,0
37.5228065	139.9364503	Node	1921430212	takasi.png	24,24	0,0
37.5221474	139.9364228	Node	2358116991	takasi.png	24,24	0,0
37.5216940	139.9363121	Node	1921430140	takasi.png	24,24	0,0
37.5216222	139.9374560	Node	1921430126	takasi.png	24,24	0,0
37.5216274	139.9374615	Node	1998389047	takasi.png	24,24	0,0
37.5216513	139.9374614	Node	1983928194	takasi.png	24,24	0,0
37.5216655	139.9374258	Node	1921430142	takasi.png	24,24	0,0
37.5216797	139.9370428	Node	1998389049	takasi.png	24,24	0,0
37.5216892	139.9369573	Node	1998389050	takasi.png	24,24	0,0
37.5217035	139.9369272	Node	1921430145	takasi.png	24,24	0,0
37.5217595	139.9368876	Node	1921430154	takasi.png	24,24	0,0
37.5217995	139.9368658	Node	1921430161	takasi.png	24,24	0,0
37.5219498	139.9368169	Node	1921430184	takasi.png	24,24	0,0
37.5220213	139.9366998	Node	1921430185	takasi.png	24,24	0,0
37.5220972	139.9366259	Node	1921430188	takasi.png	24,24	0,0
37.5221816	139.9365878	Node	1921430191	takasi.png	24,24	0,0
37.5227136	139.9366555	Node	1921430203	takasi.png	24,24	0,0
37.5228698	139.9366522	Node	1921430209	takasi.png	24,24	0,0
37.5244911	139.9357917	Node	1921430248	takasi.png	24,24	0,0
37.5245290	139.9357515	Node	1921430250	takasi.png	24,24	0,0
37.5245374	139.9357144	Node	1921430252	takasi.png	24,24	0,0
37.5245476	139.9356367	Node	1921430251	takasi.png	24,24	0,0
37.5245345	139.9355963	Node	1921430249	takasi.png	24,24	0,0
37.5226443	139.9313865	Node	1163760250	takasi.png	24,24	0,0
37.5225579	139.9322878	Node	2358258630	takasi.png	24,24	0,0
37.5224981	139.9328880	Node	1163760296	takasi.png	24,24	0,0
37.5222523	139.9328868	Node	2358258624	takasi.png	24,24	0,0
37.5221195	139.9329197	Node	2358258621	takasi.png	24,24	0,0
37.5219163	139.9329225	Node	2358258605	takasi.png	24,24	0,0
37.5217909	139.9329176	Node	1163760308	takasi.png	24,24	0,0
37.5217174	139.9329219	Node	1921430156	takasi.png	24,24	0,0
37.5217289	139.9331446	Node	1163760379	takasi.png	24,24	0,0
37.5217284	139.9332192	Node	1979215148	takasi.png	24,24	0,0
37.5217129	139.9340645	Node	272631177	takasi.png	24,24	0,0
37.5187228	139.9357763	Node	1272496174	takasi.png	24,24	0,0
37.5188798	139.9357879	Node	2358258561	takasi.png	24,24	0,0
37.5189252	139.9357912	Node	1272496044	takasi.png	24,24	0,0
37.5189459	139.9357955	Node	2358111212	takasi.png	24,24	0,0
37.5192070	139.9358492	Node	1272496247	takasi.png	24,24	0,0
37.5194423	139.9358993	Node	1272496122	takasi.png	24,24	0,0
37.5196438	139.9359303	Node	1272496028	takasi.png	24,24	0,0
37.5199828	139.9360054	Node	1979215133	takasi.png	24,24	0,0
37.5203346	139.9360817	Node	1979215138	takasi.png	24,24	0,0
37.5206651	139.9361613	Node	1979215142	takasi.png	24,24	0,0
37.5210317	139.9362326	Node	1272496264	takasi.png	24,24	0,0
37.5210327	139.9367343	Node	2358115167	takasi.png	24,24	0,0
37.5210334	139.9370318	Node	1979215146	takasi.png	24,24	0,0
37.5210392	139.9374761	Node	1272496039	takasi.png	24,24	0,0
37.5202172	139.9332050	Node	1979215136	takasi.png	24,24	0,0
37.5202207	139.9320409	Node	1979215137	takasi.png	24,24	0,0
37.5238417	139.9342011	Node	1921440429	takasi.png	24,24	0,0
37.5237761	139.9341064	Node	2358258675	takasi.png	24,24	0,0
37.5237384	139.9339952	Node	1921440424	takasi.png	24,24	0,0
37.5237596	139.9338638	Node	1921440425	takasi.png	24,24	0,0
37.5237857	139.9337039	Node	2358258676	takasi.png	24,24	0,0
37.5237984	139.9336262	Node	1921440428	takasi.png	24,24	0,0
37.5238059	139.9333033	Node	1921440430	takasi.png	24,24	0,0
37.5237905	139.9332116	Node	1921440427	takasi.png	24,24	0,0
37.5237676	139.9331605	Node	1921440426	takasi.png	24,24	0,0
37.5237428	139.9331604	Node	1921440423	takasi.png	24,24	0,0
37.5236942	139.9331632	Node	1921440422	takasi.png	24,24	0,0
37.5235132	139.9331986	Node	1921440421	takasi.png	24,24	0,0
37.5234091	139.9332000	Node	2358258662	takasi.png	24,24	0,0
37.5233252	139.9331870	Node	1921440418	takasi.png	24,24	0,0
37.5232557	139.9331753	Node	2358258660	takasi.png	24,24	0,0
37.5232110	139.9331255	Node	1921440417	takasi.png	24,24	0,0
37.5231539	139.9329717	Node	1921440416	takasi.png	24,24	0,0
37.5231325	139.9329363	Node	2358258659	takasi.png	24,24	0,0
37.5231018	139.9329177	Node	2358258658	takasi.png	24,24	0,0
37.5230463	139.9329089	Node	1921440415	takasi.png	24,24	0,0
37.5224981	139.9328880	Node	1163760296	takasi.png	24,24	0,0
37.5213957	139.9427211	Node	1923503393	takasi.png	24,24	0,0
37.5216258	139.9427429	Node	1921430139	takasi.png	24,24	0,0
37.5217623	139.9428185	Node	1921430144	takasi.png	24,24	0,0
37.5220072	139.9429355	Node	1921430187	takasi.png	24,24	0,0
37.5221782	139.9430004	Node	1921430192	takasi.png	24,24	0,0
37.5222600	139.9430057	Node	1921430194	takasi.png	24,24	0,0
37.5224239	139.9429957	Node	1921430200	takasi.png	24,24	0,0
37.5225238	139.9429893	Node	1979215151	takasi.png	24,24	0,0
37.5225627	139.9429918	Node	1921430201	takasi.png	24,24	0,0
37.5227904	139.9430280	Node	1921430205	takasi.png	24,24	0,0
37.5231871	139.9431146	Node	2358071597	takasi.png	24,24	0,0
37.5233919	139.9431475	Node	1921430220	takasi.png	24,24	0,0
37.5234586	139.9431547	Node	2358258664	takasi.png	24,24	0,0
37.5235208	139.9431615	Node	2358258668	takasi.png	24,24	0,0
37.5237175	139.9431828	Node	1921430224	takasi.png	24,24	0,0
37.5239760	139.9431998	Node	1923503468	takasi.png	24,24	0,0
37.5239824	139.9432001	Node	944844781	takasi.png	24,24	0,0
37.5240024	139.9432091	Node	1923503471	takasi.png	24,24	0,0
37.5240672	139.9432278	Node	2358120224	takasi.png	24,24	0,0
37.5241205	139.9433009	Node	1923503475	takasi.png	24,24	0,0
37.5241960	139.9434389	Node	2358120347	takasi.png	24,24	0,0
37.5242383	139.9434890	Node	2358258690	takasi.png	24,24	0,0
37.5242997	139.9435617	Node	1921430245	takasi.png	24,24	0,0
37.5255454	139.9345893	Node	1921440448	takasi.png	24,24	0,0
37.5256262	139.9343857	Node	2358258738	takasi.png	24,24	0,0
37.5256686	139.9341617	Node	1921440451	takasi.png	24,24	0,0
37.5256756	139.9339919	Node	1921440454	takasi.png	24,24	0,0
37.5256742	139.9337406	Node	1921440453	takasi.png	24,24	0,0
37.5256654	139.9333689	Node	1921440452	takasi.png	24,24	0,0
37.5256627	139.9332941	Node	1921440450	takasi.png	24,24	0,0
37.5255180	139.9330602	Node	1921440447	takasi.png	24,24	0,0
37.5254839	139.9329744	Node	2358258736	takasi.png	24,24	0,0
37.5254405	139.9329346	Node	1921440445	takasi.png	24,24	0,0
37.5254212	139.9329273	Node	2358258733	takasi.png	24,24	0,0
37.5253992	139.9329191	Node	1921440443	takasi.png	24,24	0,0
37.5252357	139.9328988	Node	2358258728	takasi.png	24,24	0,0
37.5251875	139.9329129	Node	1921440441	takasi.png	24,24	0,0
37.5251080	139.9329475	Node	2358258727	takasi.png	24,24	0,0
37.5250245	139.9329525	Node	1921440440	takasi.png	24,24	0,0
37.5249978	139.9329654	Node	2358258724	takasi.png	24,24	0,0
37.5249335	139.9330301	Node	2358258720	takasi.png	24,24	0,0
37.5248953	139.9330490	Node	1921440439	takasi.png	24,24	0,0
37.5248293	139.9330542	Node	2358258717	takasi.png	24,24	0,0
37.5247189	139.9330689	Node	1921440438	takasi.png	24,24	0,0
37.5242606	139.9330666	Node	2358258691	takasi.png	24,24	0,0
37.5239977	139.9330473	Node	1921440432	takasi.png	24,24	0,0
37.5239724	139.9330498	Node	2358258682	takasi.png	24,24	0,0
37.5238908	139.9330582	Node	1921440431	takasi.png	24,24	0,0
37.5238147	139.9331093	Node	2358258678	takasi.png	24,24	0,0
37.5237676	139.9331605	Node	1921440426	takasi.png	24,24	0,0
37.5247324	139.9385236	Node	1998389068	takasi.png	24,24	0,0
37.5246049	139.9398597	Node	1998389067	takasi.png	24,24	0,0
37.5245906	139.9399262	Node	1998389066	takasi.png	24,24	0,0
37.5245607	139.9399639	Node	1998389064	takasi.png	24,24	0,0
37.5245082	139.9400007	Node	1998389062	takasi.png	24,24	0,0
37.5237094	139.9399006	Node	1998389061	takasi.png	24,24	0,0
37.5229771	139.9397898	Node	2358258652	takasi.png	24,24	0,0
37.5219431	139.9396333	Node	1998389053	takasi.png	24,24	0,0
37.5218806	139.9396067	Node	1998389052	takasi.png	24,24	0,0
37.5218609	139.9395399	Node	1998389051	takasi.png	24,24	0,0
37.5219374	139.9384425	Node	2358258607	takasi.png	24,24	0,0
37.5219570	139.9381606	Node	1999548045	takasi.png	24,24	0,0
37.5220335	139.9381625	Node	1999548047	takasi.png	24,24	0,0
37.5220610	139.9376841	Node	1999548050	takasi.png	24,24	0,0
37.5219904	139.9376766	Node	1999548046	takasi.png	24,24	0,0
37.5219955	139.9375705	Node	1998389054	takasi.png	24,24	0,0
37.5220610	139.9367989	Node	1998389055	takasi.png	24,24	0,0
37.5220891	139.9367578	Node	1999842920	takasi.png	24,24	0,0
37.5221255	139.9367369	Node	1998389056	takasi.png	24,24	0,0
37.5222370	139.9367024	Node	1998389057	takasi.png	24,24	0,0
37.5228300	139.9367648	Node	1998389058	takasi.png	24,24	0,0
37.5229477	139.9367146	Node	1998389059	takasi.png	24,24	0,0
37.5245251	139.9358356	Node	1998389063	takasi.png	24,24	0,0
37.5245640	139.9358139	Node	1998389065	takasi.png	24,24	0,0
37.5249107	139.9358701	Node	1998389069	takasi.png	24,24	0,0
37.5249332	139.9358847	Node	1998389070	takasi.png	24,24	0,0
37.5249464	139.9358996	Node	1998389072	takasi.png	24,24	0,0
37.5249524	139.9359305	Node	1998389073	takasi.png	24,24	0,0
37.5248497	139.9371729	Node	1983927738	takasi.png	24,24	0,0
37.5247324	139.9385236	Node	1998389068	takasi.png	24,24	0,0
37.5245850	139.9357800	Node	1921440437	takasi.png	24,24	0,0
37.5246094	139.9355359	Node	1921440436	takasi.png	24,24	0,0
37.5246470	139.9352949	Node	2358071604	takasi.png	24,24	0,0
37.5247206	139.9345624	Node	2358258715	takasi.png	24,24	0,0
37.5246879	139.9343415	Node	1999740399	takasi.png	24,24	0,0
37.5246934	139.9342921	Node	1923503514	takasi.png	24,24	0,0
37.5228287	139.9341222	Node	1921430213	takasi.png	24,24	0,0
37.5228265	139.9341806	Node	1999740388	takasi.png	24,24	0,0
37.5227791	139.9354266	Node	1921430208	takasi.png	24,24	0,0
37.5223848	139.9353997	Node	1921430197	takasi.png	24,24	0,0
37.5217286	139.9353189	Node	1999740380	takasi.png	24,24	0,0
37.5216432	139.9353123	Node	1921430138	takasi.png	24,24	0,0
37.5216032	139.9353057	Node	1999740369	takasi.png	24,24	0,0
37.5204683	139.9352103	Node	1921430105	takasi.png	24,24	0,0
37.5198995	139.9351565	Node	2358258596	takasi.png	24,24	0,0
37.5230783	139.9384446	Node	1923503447	takasi.png	24,24	0,0
37.5229968	139.9397531	Node	1923503443	takasi.png	24,24	0,0
37.5219593	139.9395911	Node	1923503416	takasi.png	24,24	0,0
37.5218827	139.9395034	Node	2358258603	takasi.png	24,24	0,0
37.5219515	139.9384810	Node	2358258610	takasi.png	24,24	0,0
37.5220629	139.9384840	Node	2358258618	takasi.png	24,24	0,0
37.5220701	139.9383586	Node	1923503422	takasi.png	24,24	0,0
37.5230783	139.9384446	Node	1923503447	takasi.png	24,24	0,0
37.5217284	139.9332192	Node	1979215148	takasi.png	24,24	0,0
37.5202172	139.9332050	Node	1979215136	takasi.png	24,24	0,0
37.5201749	139.9332033	Node	2358258601	takasi.png	24,24	0,0
37.5197878	139.9331869	Node	2359783868	takasi.png	24,24	0,0
37.5197228	139.9331841	Node	1979215128	takasi.png	24,24	0,0
37.5195937	139.9331991	Node	1998209380	takasi.png	24,24	0,0
37.5194626	139.9332225	Node	1979215125	takasi.png	24,24	0,0
37.5194345	139.9333009	Node	2358258576	takasi.png	24,24	0,0
37.5191210	139.9331793	Node	2358258570	takasi.png	24,24	0,0
37.5190918	139.9332929	Node	1979215122	takasi.png	24,24	0,0
37.5201454	139.9337951	Node	1979215134	takasi.png	24,24	0,0
37.5201380	139.9339280	Node	2358113331	takasi.png	24,24	0,0
37.5199782	139.9341731	Node	2358258598	takasi.png	24,24	0,0
37.5199642	139.9341946	Node	1979215131	takasi.png	24,24	0,0
37.5198552	139.9343858	Node	1979215129	takasi.png	24,24	0,0
37.5195152	139.9343071	Node	2359783842	takasi.png	24,24	0,0
37.5193956	139.9342794	Node	1979215121	takasi.png	24,24	0,0
37.5193488	139.9344189	Node	1979215118	takasi.png	24,24	0,0
37.5192918	139.9346141	Node	2358111796	takasi.png	24,24	0,0
37.5192521	139.9346739	Node	2358111765	takasi.png	24,24	0,0
37.5192047	139.9347003	Node	2358111647	takasi.png	24,24	0,0
37.5190881	139.9346690	Node	1979215116	takasi.png	24,24	0,0
37.5190636	139.9346661	Node	2358258569	takasi.png	24,24	0,0
37.5190369	139.9346629	Node	2358111320	takasi.png	24,24	0,0
37.5186845	139.9346730	Node	2358110930	takasi.png	24,24	0,0
37.5186082	139.9346787	Node	1979215111	takasi.png	24,24	0,0
37.5185684	139.9346919	Node	2358258548	takasi.png	24,24	0,0
37.5184767	139.9347402	Node	2358258545	takasi.png	24,24	0,0
37.5184631	139.9347473	Node	1979215110	takasi.png	24,24	0,0
37.5219863	139.9369189	Node	1912565643	takasi.png	24,24	0,0
37.5218349	139.9369060	Node	1912565639	takasi.png	24,24	0,0
37.5218014	139.9369201	Node	1921430163	takasi.png	24,24	0,0
37.5217851	139.9369401	Node	1912565630	takasi.png	24,24	0,0
37.5217648	139.9370033	Node	1912565624	takasi.png	24,24	0,0
37.5217566	139.9371483	Node	1912565622	takasi.png	24,24	0,0
37.5217686	139.9371987	Node	1912565629	takasi.png	24,24	0,0
37.5217902	139.9372228	Node	1921430162	takasi.png	24,24	0,0
37.5218339	139.9372350	Node	1912565637	takasi.png	24,24	0,0
37.5219614	139.9372505	Node	1912565641	takasi.png	24,24	0,0
37.5215447	139.9419043	Node	1921430116	takasi.png	24,24	0,0
37.5216715	139.9418846	Node	2358071582	takasi.png	24,24	0,0
37.5217856	139.9418931	Node	1923503424	takasi.png	24,24	0,0
37.5264760	139.9435657	Node	2358071610	takasi.png	24,24	0,0
37.5264253	139.9434461	Node	2358071609	takasi.png	24,24	0,0
37.5263714	139.9433102	Node	2358071607	takasi.png	24,24	0,0
37.5263603	139.9432236	Node	1979215189	takasi.png	24,24	0,0
37.5263725	139.9431131	Node	2358071608	takasi.png	24,24	0,0
37.5264012	139.9430099	Node	1979215186	takasi.png	24,24	0,0
37.5264655	139.9429027	Node	1998328438	takasi.png	24,24	0,0
37.5265035	139.9428506	Node	1979215185	takasi.png	24,24	0,0
37.5249136	139.9398539	Node	1920104989	takasi.png	24,24	0,0
37.5247188	139.9398254	Node	1920104966	takasi.png	24,24	0,0
37.5247352	139.9396460	Node	1920104967	takasi.png	24,24	0,0
37.5251107	139.9397009	Node	1920104999	takasi.png	24,24	0,0
37.5250701	139.9401421	Node	1920104997	takasi.png	24,24	0,0
37.5248895	139.9401157	Node	1920104987	takasi.png	24,24	0,0
37.5249136	139.9398539	Node	1920104989	takasi.png	24,24	0,0
37.5189515	139.9418471	Node	1979215112	takasi.png	24,24	0,0
37.5191488	139.9418762	Node	1979215119	takasi.png	24,24	0,0
37.5192365	139.9419220	Node	2358111678	takasi.png	24,24	0,0
37.5200963	139.9423714	Node	1979215135	takasi.png	24,24	0,0
37.5203815	139.9425081	Node	2358071568	takasi.png	24,24	0,0
37.5206024	139.9426056	Node	1979215143	takasi.png	24,24	0,0
37.5210088	139.9426789	Node	1979215145	takasi.png	24,24	0,0
37.5212371	139.9427137	Node	1979215147	takasi.png	24,24	0,0
37.5213366	139.9427183	Node	2358115739	takasi.png	24,24	0,0
37.5213957	139.9427211	Node	1923503393	takasi.png	24,24	0,0
37.5214538	139.9389986	Node	1921430113	takasi.png	24,24	0,0
37.5214065	139.9389957	Node	1999740346	takasi.png	24,24	0,0
37.5213614	139.9389938	Node	1912565619	takasi.png	24,24	0,0
37.5210130	139.9389922	Node	1923503390	takasi.png	24,24	0,0
37.5206575	139.9389765	Node	1923503383	takasi.png	24,24	0,0
37.5203203	139.9389681	Node	1923503367	takasi.png	24,24	0,0
37.5199778	139.9389740	Node	1272496229	takasi.png	24,24	0,0
37.5196170	139.9390161	Node	2358112475	takasi.png	24,24	0,0
37.5195232	139.9390048	Node	1272496156	takasi.png	24,24	0,0
37.5195946	139.9386227	Node	2358112440	takasi.png	24,24	0,0
37.5196045	139.9384014	Node	1923503359	takasi.png	24,24	0,0
37.5225238	139.9429893	Node	1979215151	takasi.png	24,24	0,0
37.5225247	139.9428292	Node	2358071590	takasi.png	24,24	0,0
37.5225422	139.9426428	Node	2358071591	takasi.png	24,24	0,0
37.5225887	139.9424688	Node	2358071593	takasi.png	24,24	0,0
37.5226458	139.9422568	Node	1979215153	takasi.png	24,24	0,0
37.5226569	139.9420772	Node	1979215157	takasi.png	24,24	0,0
37.5226583	139.9419983	Node	2358118504	takasi.png	24,24	0,0
37.5226598	139.9419163	Node	1979215154	takasi.png	24,24	0,0
37.5224249	139.9419949	Node	2358071589	takasi.png	24,24	0,0
37.5223856	139.9420085	Node	2358117647	takasi.png	24,24	0,0
37.5223265	139.9420161	Node	2358071587	takasi.png	24,24	0,0
37.5222478	139.9420026	Node	1979215150	takasi.png	24,24	0,0
37.5220884	139.9419638	Node	1979215149	takasi.png	24,24	0,0
37.5219636	139.9419233	Node	2358071585	takasi.png	24,24	0,0
37.5219510	139.9419212	Node	2358116618	takasi.png	24,24	0,0
37.5217856	139.9418931	Node	1923503424	takasi.png	24,24	0,0
37.5213664	139.9410568	Node	944844747	takasi.png	24,24	0,0
37.5213801	139.9416734	Node	1923503392	takasi.png	24,24	0,0
37.5213994	139.9416831	Node	2358115842	takasi.png	24,24	0,0
37.5214957	139.9417221	Node	1921430109	takasi.png	24,24	0,0
37.5215447	139.9419043	Node	1921430116	takasi.png	24,24	0,0
37.5216197	139.9424099	Node	2358071580	takasi.png	24,24	0,0
37.5216304	139.9425659	Node	1921430136	takasi.png	24,24	0,0
37.5216292	139.9427000	Node	1923503405	takasi.png	24,24	0,0
37.5216258	139.9427429	Node	1921430139	takasi.png	24,24	0,0
37.5216240	139.9428422	Node	2358071581	takasi.png	24,24	0,0
37.5215980	139.9430232	Node	1921430120	takasi.png	24,24	0,0
37.5215275	139.9433875	Node	1996641818	takasi.png	24,24	0,0
37.5215095	139.9434632	Node	1996641817	takasi.png	24,24	0,0
37.5241251	139.9416005	Node	1921430229	takasi.png	24,24	0,0
37.5230800	139.9416790	Node	1979215161	takasi.png	24,24	0,0
37.5192912	139.9365828	Node	1979236400	takasi.png	24,24	0,0
37.5192792	139.9374344	Node	1979215124	takasi.png	24,24	0,0
37.5226598	139.9419163	Node	1979215154	takasi.png	24,24	0,0
37.5226834	139.9415133	Node	2358118546	takasi.png	24,24	0,0
37.5226933	139.9413447	Node	1979215155	takasi.png	24,24	0,0
37.5210130	139.9389922	Node	1923503390	takasi.png	24,24	0,0
37.5210282	139.9379865	Node	2358115163	takasi.png	24,24	0,0
37.5210392	139.9374761	Node	1272496039	takasi.png	24,24	0,0
37.5227904	139.9430280	Node	1921430205	takasi.png	24,24	0,0
37.5189480	139.9374478	Node	1979215115	takasi.png	24,24	0,0
37.5189312	139.9379990	Node	1979215114	takasi.png	24,24	0,0
37.5192996	139.9379408	Node	2358111811	takasi.png	24,24	0,0
37.5194423	139.9379387	Node	2358112131	takasi.png	24,24	0,0
37.5196430	139.9379566	Node	2358112525	takasi.png	24,24	0,0
37.5199904	139.9379680	Node	1923503366	takasi.png	24,24	0,0
37.5199832	139.9384130	Node	1923503364	takasi.png	24,24	0,0
37.5196045	139.9384014	Node	1923503359	takasi.png	24,24	0,0
37.5192845	139.9383946	Node	1979215120	takasi.png	24,24	0,0
37.5192074	139.9384042	Node	2358111651	takasi.png	24,24	0,0
37.5191312	139.9384442	Node	1979215117	takasi.png	24,24	0,0
37.5190269	139.9385059	Node	1923503358	takasi.png	24,24	0,0
37.5216705	139.9341149	Node	1999740376	takasi.png	24,24	0,0
37.5216032	139.9353057	Node	1999740369	takasi.png	24,24	0,0
37.5215637	139.9360218	Node	1999740363	takasi.png	24,24	0,0
37.5215516	139.9361818	Node	1999740361	takasi.png	24,24	0,0
37.5215217	139.9367283	Node	2358115958	takasi.png	24,24	0,0
37.5214800	139.9374934	Node	1999740359	takasi.png	24,24	0,0
37.5214065	139.9389957	Node	1999740346	takasi.png	24,24	0,0
37.5213481	139.9401368	Node	1999740344	takasi.png	24,24	0,0
37.5213281	139.9404556	Node	1999740343	takasi.png	24,24	0,0
37.5245693	139.9355672	Node	944844764	takasi.png	24,24	0,0
37.5227815	139.9364416	Node	1912565648	takasi.png	24,24	0,0
37.5221406	139.9364355	Node	2358116981	takasi.png	24,24	0,0
37.5216942	139.9363110	Node	944844738	takasi.png	24,24	0,0
37.5214936	139.9398496	Node	944844755	takasi.png	24,24	0,0
37.5259482	139.9404417	Node	944844776	takasi.png	24,24	0,0
37.5262756	139.9368060	Node	1920128559	takasi.png	24,24	0,0
37.5249853	139.9365948	Node	1912565715	takasi.png	24,24	0,0
37.5250459	139.9358025	Node	1920128552	takasi.png	24,24	0,0
37.5245641	139.9357666	Node	1912565712	takasi.png	24,24	0,0
37.5245693	139.9355672	Node	944844764	takasi.png	24,24	0,0
37.5246704	139.9343980	Node	1923503512	takasi.png	24,24	0,0
37.5245956	139.9352841	Node	2358071603	takasi.png	24,24	0,0
37.5239666	139.9356267	Node	2358071602	takasi.png	24,24	0,0
37.5234444	139.9356686	Node	1923503455	takasi.png	24,24	0,0
37.5230522	139.9356323	Node	2389222313	takasi.png	24,24	0,0
37.5229111	139.9354335	Node	2389222295	takasi.png	24,24	0,0
37.5228296	139.9354271	Node	1923503433	takasi.png	24,24	0,0
37.5228897	139.9342338	Node	1923503441	takasi.png	24,24	0,0
37.5246704	139.9343980	Node	1923503512	takasi.png	24,24	0,0
37.5213264	139.9390459	Node	1923503394	takasi.png	24,24	0,0
37.5213088	139.9403170	Node	2358115618	takasi.png	24,24	0,0
37.5213682	139.9416317	Node	1923503391	takasi.png	24,24	0,0
37.5209943	139.9415878	Node	2389222158	takasi.png	24,24	0,0
37.5209986	139.9413651	Node	2389222159	takasi.png	24,24	0,0
37.5206110	139.9413470	Node	2389222145	takasi.png	24,24	0,0
37.5206440	139.9401782	Node	1923503361	takasi.png	24,24	0,0
37.5192527	139.9401385	Node	2389222105	takasi.png	24,24	0,0
37.5194973	139.9390145	Node	1923503363	takasi.png	24,24	0,0
37.5213264	139.9390459	Node	1923503394	takasi.png	24,24	0,0
37.5189504	139.9313255	Node	2087967996	takasi.png	24,24	0,0
37.5184201	139.9408686	Node	305898483	takasi.png	24,24	0,0
37.5265028	139.9314242	Node	2087756500	takasi.png	24,24	0,0
37.5259486	139.9314130	Node	2087968142	takasi.png	24,24	0,0
37.5245923	139.9314073	Node	2087968112	takasi.png	24,24	0,0
37.5230514	139.9313895	Node	417280478	takasi.png	24,24	0,0
37.5228959	139.9313920	Node	1923503444	takasi.png	24,24	0,0
37.5226443	139.9313865	Node	1163760250	takasi.png	24,24	0,0
37.5208156	139.9313617	Node	2087968037	takasi.png	24,24	0,0
37.5204144	139.9313594	Node	417280479	takasi.png	24,24	0,0
37.5203118	139.9313497	Node	2389222139	takasi.png	24,24	0,0
37.5202426	139.9313352	Node	417280480	takasi.png	24,24	0,0
37.5199697	139.9312174	Node	2652521290	takasi.png	24,24	0,0
37.5199379	139.9312036	Node	417280483	takasi.png	24,24	0,0
37.5198055	139.9312157	Node	2359711294	takasi.png	24,24	0,0
37.5196291	139.9312745	Node	2359711292	takasi.png	24,24	0,0
37.5194446	139.9313540	Node	2432917641	takasi.png	24,24	0,0
37.5193121	139.9314110	Node	417280486	takasi.png	24,24	0,0
37.5189035	139.9315584	Node	417280488	takasi.png	24,24	0,0
37.5186750	139.9316114	Node	2359711290	takasi.png	24,24	0,0
37.5184931	139.9316216	Node	417280489	takasi.png	24,24	0,0
37.5199697	139.9312174	Node	2652521290	takasi.png	24,24	0,0
37.5200596	139.9311215	Node	2652521303	takasi.png	24,24	0,0
37.5262930	139.9381300	Node	1921440458	takasi.png	24,24	0,0
37.5264572	139.9358277	Node	1921440459	takasi.png	24,24	0,0
37.5241076	139.9404644	Node	1985334854	takasi.png	24,24	0,0
37.5230903	139.9404478	Node	1985334849	takasi.png	24,24	0,0
37.5230262	139.9409825	Node	1985334850	takasi.png	24,24	0,0
37.5230392	139.9412477	Node	1985334851	takasi.png	24,24	0,0
37.5230900	139.9416443	Node	1985334852	takasi.png	24,24	0,0
37.5240780	139.9415442	Node	1985334853	takasi.png	24,24	0,0
37.5241451	139.9405536	Node	2358258688	takasi.png	24,24	0,0
37.5241076	139.9404644	Node	1985334854	takasi.png	24,24	0,0
37.5248268	139.9372275	Node	1999842940	takasi.png	24,24	0,0
37.5248224	139.9372783	Node	1999842939	takasi.png	24,24	0,0
37.5247395	139.9372670	Node	1999842933	takasi.png	24,24	0,0
37.5247439	139.9372162	Node	1999842934	takasi.png	24,24	0,0
37.5248268	139.9372275	Node	1999842940	takasi.png	24,24	0,0
37.5248217	139.9372982	Node	1999842938	takasi.png	24,24	0,0
37.5248174	139.9373490	Node	1999842937	takasi.png	24,24	0,0
37.5247345	139.9373377	Node	1999842931	takasi.png	24,24	0,0
37.5247389	139.9372869	Node	1999842932	takasi.png	24,24	0,0
37.5248217	139.9372982	Node	1999842938	takasi.png	24,24	0,0
37.5248135	139.9373739	Node	1999842936	takasi.png	24,24	0,0
37.5248091	139.9374248	Node	1999842935	takasi.png	24,24	0,0
37.5247262	139.9374135	Node	1999842929	takasi.png	24,24	0,0
37.5247306	139.9373626	Node	1999842930	takasi.png	24,24	0,0
37.5248135	139.9373739	Node	1999842936	takasi.png	24,24	0,0

